100
42
11
1
2018
9327261833713907
9390801536445741
2635352108983981
4193578132321736
534969191959590
2486928367750916
7618943263839413
7778893765646429
161528431822491
2188838341051877
3727642293585084
8166311268559378
459908073791318
2244810748390755
1555555555555555
9
109090846593728
1229253694871127
9482403211377837
1549522289953918
8583818626610738
9999999999999999
9946736851042628
10
8275472198617839
533933877507676
7033468721796936
6322161315176881
4701906123113383
1468129494825622
5360525282720452
6572563391314046
9086407410211078
2188036830295535
8263540461847959
2201214817831340
4418720288121551
3246101635370199
3545114522196202
9421304830178127
3683000462931474
8622915976994050
4355201323531333
899830177753643
7433136418460714
4354170324398609
1913735512635245
10000000000000000
3737621989110753
8377917818549178
1217879567635728
5303289271837082
7725890556694316
5852188975482607
6
7930153452359305
2855765746544340
5
4
7
5928867967361156
8
2388850863153096
2
847457265024081
279705990907539
8766072212733248
869672113123231
3922213608236468
7358254251761402
6887019105062696
8888888888888889
1174275672314630
1124265627658917
3364573970800513
2071863285448093
1818633222193987
3
9515055603240044
756991322782064
5803216640679003
7525806921436487
95
4031243453944193
4194345070137338
1187940299405538
6833878791503918
5431585982059620
8502623909495630
5701032933479397
1518293685339791
7416474239804826
4107842901811177
4705282458649307
2574129809430039
2722352062031299
