100
42
11
1
2018
38540
47854
20885
20464
49771
79224
45537
18982
5
2
92627
54621
60609
36783
5957
77203
23616
28277
81420
20215
74622
99279
4
46096
44548
96173
64231
3
95
23601
56509
33306
77269
87299
25944
29487
50126
8850
81163
89581
34973
64408
74903
41456
8
23457
54048
1191
19072
10
16212
76611
21234
9429
99999
25662
27115
72577
6
51189
7
24869
98781
2215
65414
17713
34560
59760
4452
86769
91472
9
10146
18993
100000
49490
96438
67167
91792
99576
50900
28599
81314
10353
76749
92475
11672
12448
40423
87396
37362
99238
4087
95584
7397
97500
