100
100 1
100
10 3
20 3 15
114829 5
410720 195714 728241 43251 6094
501175 5
54276 43946 43167 370665 27790
248203 5
900383 367399 338513 147799 139126
11 5
5 5 5 5 10
846604 3
135243 399907 62264
726549 2
420016 224201
202716 5
730617 753819 233946 208214 482808
605879 5
526475 112977 438925 847929 545003
815617 4
852988 805181 806983 280842
647310 3
852061 227843 184327
2 5
79 24 64 77 56
349462 2
891490 399463
334758 5
810381 632532 602507 431221 97060
49632 4
432938 165589 865248 285926
382682 5
698573 590575 472549 452186 2433
1000000 5
369003 803332 697593 425029 200038
3 3
1 1 100
1000000 5
1000000 1000000 1000000 1000000 1000000
2 4
2 2 2 6
474044 5
706302 930390 129521 590052 347124
4 5
191 215 54 135 22
292154 2
219575 702362
4 5
387 293 340 301 144
783276 5
309727 440586 737572 331756 20665
699309 2
920107 535588
775701 5
188066 223689 973999 321801 172165
187929 1
421663
809892 5
996285 647569 778429 468833 650001
368583 1
703817
1000000 5
71536 904268 850299 527407 804056
374287 3
712071 326212 282207
1 5
2 1 2 1 2
188582 4
83119 777955 437944 505677
1000000 1
999999
880866 4
594287 810875 144898 537786
215071 3
688972 94325 564172
467493 5
229107 435931 507228 666643 839549
304950 2
928017 472667
249363 2
422559 802125
663645 5
151588 54279 90176 191367 311503
926029 2
141717 478587
154415 2
213863 474291
742879 5
59028 572119 341017 955115 735781
801156 5
291523 329884 312134 1121 196225
162059 5
80530 146290 149192 652840 800062
1 5
1 1 1 1 1
2 5
1 1 1 1 1
385694 1
929216
1000000 5
277319 928565 451230 994470 793247
696090 2
289446 273399
988909 2
500547 522640
553548 1
682187
576153 2
302949 882505
711525 5
54843 267088 279385 743389 544885
451846 4
386632 786771 140817 997308
108708 4
294965 153385 769958 832750
446456 5
801501 217622 163776 83316 56270
835922 5
177374 788351 316695 805103 432027
10 5
5 5 5 5 10
691024 4
639589 133462 964422 111378
3 4
2 2 2 4
2 5
196 376 303 167 481
977861 4
73518 442987 163464 991394
93755 4
15965 997940 242946 232458
937422 5
345599 12457 149100 262208 38660
734921 2
864029 998710
90232 1
316111
11 5
10 5 5 5 5
237307 3
263720 979500 76855
1000000 5
934261 743372 811305 826443 523427
544094 4
298511 70009 206725 598138
5 5
1 1 1 1 1
3 4
2 2 2 3
2 5
5 2 3 9 3
216555 3
606998 126575 655480
1000000 1
1000000
1000000 5
512190 739380 708597 294359 716610
5 5
2 1 1 2 2
57225 5
74138 476581 713863 795480 934663
527083 5
960839 600250 714922 369878 490888
216493 5
811897 713586 567861 172195 34631
467555 2
613604 432645
1 5
1000000 1000000 1000000 1000000 1000000
409519 5
320509 137494 138418 240916 99552
878621 2
875013 974370
1 5
471891 258379 733676 443390 145064
807356 4
627042 625917 969570 986838
594695 1
226609
866342 5
326639 466435 501028 825986 877521
124296 2
645863 843445
588173 3
158715 318018 187840
720176 5
32759 57270 836777 747681 427148
477511 5
497087 445789 799312 669252 917877
213095 1
424332
709852 5
242343 282602 443528 491340 636403
194438 5
281967 132444 557394 417209 48702
1000000 5
1 1 1 1 1
4 5
16 37 16 21 26
