100
5 4 1
1 4 2
1 2 1
4 5 1
2 3 2
2 1 200
1 2 5
5 4 2
1 4 2
2 3 2
1 2 1
4 5 1
3 3 1
1 3 1
2 3 1
1 2 3
20 37 138
15 16 7
2 20 6
3 8 2
4 10 2
13 19 7
2 10 9
3 7 5
2 14 1
9 13 10
7 19 2
4 7 7
3 20 9
6 19 3
7 11 8
15 18 5
12 18 3
19 20 3
2 19 6
6 9 5
3 5 7
18 20 8
3 18 2
2 17 4
9 15 7
15 19 6
5 12 4
4 13 4
12 19 4
8 10 10
1 11 1
7 9 8
10 17 2
10 16 9
8 9 6
10 19 5
13 17 6
3 10 7
50 49 200
11 37 10
31 36 6
12 36 6
18 42 10
12 48 4
22 39 8
14 39 8
12 44 6
15 36 6
11 20 10
4 6 3
6 8 5
26 49 9
22 32 7
16 40 9
7 21 1
27 39 5
3 45 8
26 46 3
11 33 7
1 9 6
21 28 2
3 39 7
11 17 2
3 34 5
31 43 8
11 32 4
23 30 6
11 19 4
29 36 9
2 34 4
10 48 10
27 40 2
35 50 9
34 41 9
28 41 7
18 25 10
6 27 10
9 50 3
24 50 4
13 22 7
5 27 5
11 47 2
24 34 2
29 39 8
21 38 10
24 26 7
11 25 1
23 27 8
13 17 186
1 9 1
7 9 2
4 10 6
2 10 9
6 11 7
4 8 7
6 12 1
6 7 7
2 12 7
2 4 2
1 11 10
1 5 7
4 13 6
1 8 4
3 11 6
1 6 4
3 7 2
40 49 132
18 22 5
28 33 8
5 7 5
8 35 9
34 40 8
10 33 8
19 38 5
14 33 2
15 18 1
16 37 9
24 30 1
21 22 2
21 36 1
4 11 6
3 9 8
2 14 4
7 17 3
26 33 5
31 38 4
5 14 10
20 25 9
22 24 3
6 32 8
29 35 5
1 35 8
23 25 2
11 30 10
33 40 9
4 16 1
9 37 4
6 11 2
18 27 8
11 14 9
20 35 2
2 39 3
1 30 10
12 25 5
27 33 2
14 29 10
2 40 1
19 40 4
17 40 7
13 33 10
17 27 2
3 29 6
11 32 9
33 38 1
3 32 3
20 30 10
43 200 41
6 11 10
8 30 9
19 22 9
1 42 2
21 31 8
25 27 9
7 34 6
2 34 7
13 35 3
7 15 6
14 21 7
28 29 10
31 34 9
1 37 8
5 40 8
6 40 7
2 20 2
14 17 7
14 27 6
15 29 3
17 35 9
21 29 8
7 36 4
13 18 1
3 18 1
23 31 1
33 42 1
9 30 8
8 27 4
8 9 4
12 22 3
19 43 2
8 38 9
21 43 6
13 26 2
11 20 2
30 39 10
10 23 6
24 26 10
13 17 8
1 29 6
17 37 10
2 24 6
4 7 7
5 27 3
12 31 9
14 36 2
17 31 6
24 38 6
11 17 3
14 15 10
37 38 7
12 19 8
8 29 8
16 28 5
7 39 2
14 19 1
10 21 1
5 36 10
9 31 8
9 22 5
34 39 4
13 28 9
18 28 4
11 41 2
10 35 1
18 37 10
12 36 5
6 37 8
8 18 10
1 33 7
6 31 9
5 42 9
8 21 6
19 28 7
21 26 8
16 42 1
1 18 3
15 42 6
11 35 10
14 18 5
26 28 5
6 7 1
30 31 1
1 31 1
5 29 8
8 33 3
9 38 2
6 9 6
20 34 6
20 40 5
10 24 3
16 37 10
34 40 5
8 25 1
5 43 8
4 9 6
32 34 3
16 29 8
19 23 1
2 36 9
19 39 4
29 34 10
4 12 4
42 43 7
16 25 7
21 28 6
6 29 10
24 36 4
35 36 3
7 20 3
26 39 2
6 22 3
23 35 9
16 23 2
18 35 8
11 22 5
25 33 5
13 24 1
18 36 2
12 21 6
7 24 3
5 12 6
28 34 4
19 40 10
2 38 4
12 40 4
12 43 5
15 32 2
16 27 8
11 13 7
3 38 6
4 13 3
9 10 5
19 32 6
5 41 6
8 12 10
14 39 6
25 26 4
4 19 5
21 36 8
26 31 9
21 33 6
10 15 9
35 40 2
3 28 1
10 32 7
21 39 3
3 6 4
20 31 9
15 37 10
23 36 4
17 32 5
19 31 7
34 35 2
5 34 5
35 37 5
5 32 5
7 29 10
9 34 8
22 25 5
2 40 5
2 16 7
13 21 2
26 43 10
8 22 9
9 29 1
3 21 7
4 29 3
28 30 9
20 22 6
17 19 7
15 20 4
1 43 9
7 43 5
10 36 7
31 39 2
21 22 1
8 28 5
27 30 9
11 16 10
25 40 6
36 43 2
2 26 6
5 37 10
19 25 3
26 27 6
24 35 9
35 42 1
21 38 10
4 35 2
40 43 5
27 33 10
9 11 6
21 42 5
28 41 10
41 43 2
3 22 10
9 14 9
6 28 5
30 211 16
14 20 8
7 28 3
15 29 6
23 26 3
9 24 2
22 25 2
14 19 3
9 27 2
8 17 6
1 7 3
10 28 10
10 22 2
11 20 8
19 30 7
20 30 5
10 19 4
11 25 3
5 23 7
28 29 2
2 12 6
13 15 2
3 24 6
3 29 1
14 28 2
7 15 2
3 15 2
14 18 10
12 17 3
20 27 3
25 30 6
3 23 8
8 27 6
11 17 6
16 25 2
15 30 4
7 12 4
5 10 3
15 21 4
6 21 1
11 19 10
5 11 7
9 23 2
3 21 8
4 15 7
2 30 2
8 22 8
18 28 7
6 23 7
10 11 10
7 29 8
19 23 2
2 14 4
13 20 8
25 26 5
1 16 6
13 18 2
21 23 8
17 23 7
20 26 8
2 5 9
1 10 2
7 9 5
21 27 7
11 30 9
7 21 4
22 23 7
19 25 9
3 11 10
24 27 6
9 14 1
5 6 4
12 25 2
12 13 10
2 3 4
24 28 1
15 27 4
21 26 1
4 23 10
4 21 5
23 29 8
2 25 9
4 27 7
19 21 8
3 9 3
9 17 7
8 18 5
8 12 3
10 30 8
7 17 1
2 28 9
16 23 1
5 25 1
19 20 2
15 22 7
2 20 7
8 29 5
2 13 10
16 17 8
5 30 3
23 30 9
10 29 5
4 7 2
20 25 5
7 30 2
14 23 2
2 21 7
4 19 9
1 9 6
28 30 4
1 26 2
4 12 5
16 26 6
3 5 8
3 7 9
5 27 8
21 22 9
10 23 6
13 19 4
11 15 9
21 28 9
11 13 7
4 25 10
2 23 7
26 28 6
3 10 3
7 18 1
1 22 10
8 19 2
8 10 9
2 4 2
11 22 6
5 29 4
3 8 5
18 25 4
9 28 1
6 8 4
3 27 10
12 30 9
9 21 1
4 14 3
1 23 7
1 29 10
12 23 10
10 14 6
11 12 1
2 17 1
7 25 2
11 24 5
16 21 5
2 10 5
15 26 5
6 9 2
7 19 1
3 22 6
14 25 10
10 24 6
8 9 2
8 16 1
1 14 6
22 30 1
4 9 1
11 23 2
6 25 1
5 12 10
4 6 4
4 18 4
16 18 7
11 21 5
11 16 1
19 28 3
1 2 7
6 11 1
9 18 3
5 20 2
6 16 4
13 30 10
1 11 5
18 23 8
2 6 4
12 29 7
24 29 9
6 24 10
7 11 3
5 9 10
19 29 5
4 20 3
10 18 1
10 21 7
3 16 6
25 27 9
4 24 9
2 27 3
24 26 10
2 18 9
3 26 5
1 13 10
3 28 8
12 18 10
14 26 2
13 27 3
16 22 3
12 16 2
20 29 4
13 25 5
5 22 10
8 25 2
3 12 2
14 24 1
2 16 9
9 22 8
5 15 6
28 179 43
10 15 4
6 9 5
1 6 7
10 13 4
9 16 3
2 3 4
26 28 4
14 25 2
2 14 6
5 13 1
3 26 8
4 5 10
24 26 5
6 24 4
1 16 1
9 13 9
6 27 2
8 25 8
11 13 5
5 6 6
14 16 5
11 12 10
10 28 7
25 28 2
3 23 3
18 23 5
7 12 3
23 24 10
14 27 6
3 28 8
8 28 8
21 25 3
20 21 6
9 14 3
8 22 6
8 18 10
6 7 4
1 12 8
19 20 10
11 20 8
20 22 10
19 22 8
23 27 6
5 25 10
22 24 10
7 15 8
16 25 8
11 28 5
17 23 6
4 13 8
4 17 7
25 27 5
20 26 6
11 23 10
19 23 10
11 19 7
1 15 5
3 15 5
18 21 10
6 16 1
3 17 6
10 14 5
13 15 6
16 24 3
9 27 9
8 16 10
6 14 7
6 18 4
3 20 2
8 21 6
8 27 5
16 28 1
13 24 10
21 23 1
1 21 4
8 23 5
2 5 4
16 22 5
7 21 10
10 17 1
9 10 2
1 18 2
4 28 5
11 15 3
12 20 4
13 17 1
7 11 8
3 14 10
12 21 1
6 8 5
13 16 2
10 11 2
17 22 8
21 27 6
9 19 3
2 25 8
21 24 6
2 28 4
19 21 3
9 15 10
18 22 5
24 28 5
22 25 9
6 20 8
1 7 6
3 22 7
9 11 5
25 26 2
9 23 4
5 27 2
20 24 5
1 8 10
5 22 2
9 25 9
2 8 9
21 22 4
7 22 1
7 20 2
7 27 2
7 13 4
15 19 8
4 11 7
1 20 10
5 7 2
5 12 1
24 27 7
17 26 5
5 15 9
5 9 7
13 20 8
2 7 3
14 15 4
5 19 8
4 23 1
10 20 6
15 25 1
7 26 10
3 5 8
26 27 1
12 27 2
15 28 3
3 8 9
12 13 8
7 17 4
20 27 8
13 28 1
1 4 8
12 26 2
11 25 6
16 19 8
5 14 2
2 9 4
11 14 10
5 24 5
5 11 5
14 18 4
7 14 7
11 26 9
17 20 3
13 25 3
18 25 4
1 17 9
2 13 10
7 10 4
1 3 1
3 27 6
7 18 1
15 17 3
5 28 1
8 12 4
13 18 9
8 26 7
8 9 5
13 26 6
4 27 10
1 5 1
4 10 5
3 24 7
11 27 4
8 13 174
1 5 5
1 6 10
5 6 7
4 5 4
1 8 2
7 8 3
6 8 3
2 8 9
3 7 2
3 8 4
2 5 8
4 6 3
2 7 4
4 5 88
3 4 7
1 2 5
2 4 9
1 3 2
2 3 6
21 120 173
3 17 8
4 21 3
5 20 5
19 20 3
1 3 4
4 14 2
14 17 10
14 16 1
15 16 3
3 15 2
8 18 6
3 7 9
5 21 9
2 19 4
3 5 5
4 10 6
2 12 5
7 19 7
5 8 6
16 17 6
9 11 8
5 18 10
6 18 2
1 10 1
2 13 3
5 12 10
1 16 8
2 16 2
11 14 1
7 12 6
6 15 5
5 16 6
1 13 6
8 15 7
6 21 1
8 20 10
15 18 6
1 15 9
4 15 2
1 6 6
2 14 7
4 17 2
5 15 8
19 21 9
1 7 1
7 21 1
5 17 2
14 21 2
11 20 9
6 9 2
6 14 10
15 17 6
4 6 5
7 9 10
1 2 1
7 16 10
8 21 7
4 18 2
16 20 5
7 20 1
5 10 8
5 11 8
8 14 10
1 11 9
9 15 2
6 11 1
4 5 2
12 21 1
9 19 3
1 9 6
11 17 9
11 19 5
10 17 6
12 18 2
1 12 3
8 19 5
13 19 4
14 20 4
11 13 6
7 14 2
8 13 2
6 7 8
3 4 1
9 20 9
6 19 7
3 8 4
11 15 1
9 14 2
10 13 8
18 21 9
6 20 9
7 8 2
4 20 1
4 7 1
3 9 1
17 20 7
2 7 9
1 4 5
11 18 5
2 17 9
2 4 10
18 20 6
10 20 3
1 5 6
2 21 10
6 13 10
2 11 4
10 19 5
1 21 4
10 15 1
4 13 6
5 14 9
12 15 2
4 12 9
3 11 10
4 19 4
13 20 5
9 13 2
6 8 4
2 8 5
7 7 31
6 7 5
2 3 6
1 4 8
4 5 8
1 3 2
1 7 8
3 5 2
5 5 88
1 5 1
2 3 8
1 3 5
4 5 2
2 5 6
29 297 23
9 24 9
9 18 4
11 25 5
16 29 3
7 11 2
12 27 2
10 12 5
23 26 6
2 24 10
9 26 1
2 19 10
13 23 9
8 11 9
19 26 9
8 18 8
9 21 6
14 23 1
6 29 6
12 28 4
14 22 5
4 15 1
25 26 9
2 29 2
4 11 5
4 16 6
5 10 7
8 22 7
11 19 4
21 29 1
5 13 9
17 23 8
1 29 1
12 26 5
8 28 6
1 28 9
16 19 2
12 29 3
1 5 4
4 27 7
9 16 3
4 7 7
5 24 10
12 13 9
16 24 2
3 21 1
4 22 10
22 25 10
18 24 7
13 19 6
9 11 1
8 25 8
23 28 6
22 28 5
1 13 5
3 14 8
14 19 1
13 16 7
11 26 5
17 24 7
6 17 7
5 20 1
7 23 6
18 28 6
9 22 4
11 23 3
4 13 10
4 19 10
24 27 9
3 29 4
6 18 7
2 27 8
17 22 1
19 25 2
22 29 1
12 19 8
23 27 4
15 28 3
10 27 8
6 12 4
2 22 10
19 24 1
18 25 10
7 29 9
1 18 4
15 20 9
7 21 1
7 28 1
9 25 10
4 26 10
5 14 1
1 4 4
7 18 7
24 26 6
21 22 8
9 15 6
16 22 7
11 15 2
6 25 4
14 20 9
2 3 9
5 28 10
20 26 9
2 25 5
2 15 3
20 24 3
12 18 1
14 18 9
21 23 9
7 20 7
3 18 5
4 10 10
21 27 10
10 20 10
10 26 8
1 20 10
13 18 1
10 15 6
22 27 3
6 9 10
2 16 6
13 29 1
7 22 6
18 22 4
15 26 5
9 14 3
8 17 5
27 29 2
1 14 7
2 17 1
17 25 10
7 9 8
14 27 7
19 27 5
17 20 2
2 14 1
4 17 3
11 28 8
6 26 6
4 12 9
8 29 6
23 24 2
10 14 4
5 15 3
22 26 9
2 28 3
13 28 5
5 19 9
16 27 3
15 27 5
6 21 9
5 23 3
8 13 6
8 19 5
20 27 6
20 29 1
4 25 9
1 9 7
3 11 9
10 25 9
3 6 1
19 22 6
11 13 1
1 22 10
14 15 5
8 21 9
2 7 8
2 4 10
8 16 7
23 25 10
21 24 1
26 28 4
12 23 6
9 23 3
13 27 9
1 23 9
3 17 1
6 10 9
9 19 10
6 7 6
4 23 8
24 28 8
14 26 1
10 18 9
15 22 2
11 12 2
24 29 8
5 25 5
19 23 9
3 27 9
1 10 1
7 8 1
4 14 10
5 18 6
3 24 3
4 29 5
13 21 10
14 24 1
1 11 8
3 9 8
13 25 2
6 23 6
21 26 9
10 17 6
6 20 8
6 13 1
8 10 4
14 29 9
2 6 4
3 25 10
16 28 4
26 27 10
16 20 2
7 17 5
5 12 3
20 28 9
15 16 5
24 25 4
11 22 10
3 13 4
2 13 10
1 21 9
18 19 3
1 19 7
3 20 3
17 21 3
4 20 4
5 8 3
25 28 7
9 17 4
12 20 5
6 16 2
18 23 5
9 29 9
6 14 2
5 17 4
18 29 3
6 28 4
3 26 6
1 12 10
8 27 5
4 21 7
1 24 1
6 27 2
18 27 5
12 16 9
10 29 1
2 21 8
2 23 8
16 17 5
6 11 4
4 5 7
7 27 7
10 13 9
5 21 4
18 26 6
16 21 3
17 28 8
1 26 8
1 17 2
3 16 4
2 18 3
20 25 4
27 28 1
8 24 2
12 14 9
15 24 7
15 17 7
11 20 6
11 21 10
22 23 10
15 21 10
5 9 8
9 12 4
1 8 4
21 28 10
14 25 4
7 25 6
4 18 3
8 9 9
18 20 3
12 15 3
4 24 3
5 6 5
12 25 7
5 11 5
17 18 6
19 29 9
17 26 7
23 29 2
8 14 9
7 14 9
2 12 3
11 27 3
13 17 7
17 19 4
3 10 5
4 8 1
50 1225 173
3 23 8
26 37 9
1 40 10
1 19 9
3 19 4
9 49 7
25 45 5
23 33 7
1 4 9
1 12 10
20 50 7
23 50 2
28 33 1
22 27 6
19 22 5
36 38 7
28 37 2
21 36 7
1 25 4
5 40 3
34 44 10
10 29 4
16 43 4
29 34 7
5 21 9
11 20 3
12 45 1
20 47 3
14 47 2
33 41 2
4 30 2
19 46 1
19 33 1
29 41 3
5 28 5
7 32 1
24 31 10
4 11 5
21 49 8
2 48 7
31 35 7
5 38 3
21 39 5
5 7 8
36 46 1
5 37 6
25 47 5
21 26 3
11 31 1
4 42 6
2 10 6
21 32 7
10 15 1
44 46 5
14 36 4
6 7 1
8 33 6
2 44 10
15 39 6
4 26 10
19 41 8
1 15 9
10 23 7
35 38 10
11 25 2
12 24 10
41 47 10
41 48 4
23 27 6
20 46 3
9 47 6
21 47 3
16 42 10
38 46 5
4 8 6
13 14 1
29 47 4
13 26 2
5 39 5
14 15 6
16 18 4
20 33 1
43 49 3
10 20 9
1 31 2
2 36 9
31 38 6
13 25 2
13 34 2
9 42 10
13 27 2
1 26 7
7 42 10
25 28 10
5 18 3
39 40 7
34 41 10
12 20 8
8 22 3
15 50 4
5 26 6
5 11 10
11 32 10
7 11 10
32 46 10
5 25 9
6 38 9
2 25 5
13 29 1
38 43 6
24 42 3
14 50 8
33 39 4
24 44 1
17 32 9
26 33 4
26 46 4
23 43 9
10 14 5
3 25 2
18 50 8
39 45 4
1 32 10
2 12 10
2 4 7
11 48 7
21 40 3
30 48 1
19 27 5
10 32 2
22 23 10
17 43 1
16 27 8
17 46 3
42 45 8
17 38 3
31 50 7
23 35 9
15 30 2
19 34 4
46 48 9
15 26 7
11 38 4
21 38 4
15 38 3
25 43 1
23 37 3
6 20 7
38 49 9
3 24 10
23 40 3
15 23 7
1 18 2
26 50 4
8 25 7
18 42 10
29 49 5
2 43 9
26 39 7
4 15 1
11 12 5
24 39 5
22 25 10
5 23 6
31 34 1
5 41 4
17 18 9
6 40 7
18 36 6
12 14 10
15 41 2
15 43 6
33 35 5
37 49 10
31 39 7
6 34 3
22 40 4
27 50 9
32 45 1
35 42 5
14 43 4
16 31 7
12 41 3
19 30 8
3 42 8
34 45 1
7 29 4
9 48 9
30 40 5
28 47 9
40 48 7
20 41 4
9 25 4
19 49 4
3 29 5
40 45 4
23 41 1
5 33 10
33 34 5
5 35 6
19 23 7
17 24 4
9 31 3
6 21 10
15 16 4
5 19 7
6 49 1
34 43 9
14 28 5
7 24 2
8 35 8
19 31 4
12 19 1
4 21 5
43 48 8
29 33 9
2 20 9
11 39 3
14 30 1
22 28 7
8 46 10
14 35 3
3 48 5
6 19 4
11 21 8
25 27 4
18 25 6
19 20 6
6 17 5
10 46 6
31 49 1
19 44 7
1 41 2
12 27 10
29 44 5
8 17 3
3 11 10
42 49 6
10 44 7
18 20 4
29 48 9
23 46 2
19 50 2
29 37 10
45 50 2
1 48 1
4 13 1
8 49 10
2 13 4
17 50 1
14 40 9
15 33 7
17 25 9
4 28 9
7 31 8
7 25 6
22 43 10
14 22 1
4 38 2
25 40 2
6 43 3
20 38 9
17 33 10
5 20 3
30 31 10
1 44 5
6 26 1
2 47 2
15 35 7
9 40 2
23 25 8
27 33 7
17 47 3
33 42 6
28 29 8
26 28 4
33 36 10
36 41 2
17 37 10
42 44 7
11 29 10
3 41 4
27 37 3
7 47 1
3 13 5
22 47 1
8 36 9
11 41 6
7 13 3
13 16 8
10 26 5
30 34 3
13 44 9
1 34 8
37 48 3
20 48 1
19 48 6
15 46 5
12 25 4
11 17 4
7 26 3
1 2 6
25 49 8
23 49 9
30 36 2
24 36 5
10 45 10
2 26 7
14 23 2
13 48 4
8 13 6
38 40 6
8 42 6
3 12 4
7 9 4
18 33 5
22 34 10
12 33 1
26 40 5
17 19 10
13 23 10
29 40 9
3 10 6
24 43 3
17 48 1
26 44 5
11 42 4
18 44 8
20 21 6
21 33 9
1 10 2
21 34 7
11 49 4
3 17 5
17 30 7
7 38 3
2 18 8
24 45 5
5 9 9
1 27 6
2 22 5
20 45 8
2 34 1
7 37 9
32 36 3
16 48 7
4 31 4
28 41 5
22 42 10
9 41 4
23 42 3
8 38 2
15 27 9
6 25 8
10 42 9
5 36 2
43 50 7
9 29 4
17 20 3
2 19 8
1 43 3
21 45 10
4 5 5
9 26 6
25 48 7
4 19 4
13 37 9
4 48 7
25 35 6
3 18 4
42 48 7
6 28 6
43 46 2
4 32 9
1 30 2
30 50 10
10 34 3
6 27 6
19 37 2
33 46 8
6 8 9
37 47 2
11 26 7
7 22 6
15 40 9
24 48 6
8 39 3
12 32 10
3 5 7
6 37 6
20 37 8
4 41 7
31 37 1
4 6 7
9 20 6
46 49 7
16 23 5
22 45 4
43 45 3
5 50 6
4 12 7
6 50 8
14 34 1
12 48 10
35 48 6
19 32 2
41 43 4
31 33 7
7 45 7
2 45 4
20 30 6
1 33 5
33 38 6
4 50 3
10 12 6
3 28 6
9 21 7
8 15 3
14 41 9
5 13 2
29 46 10
24 40 3
8 29 9
5 16 10
8 47 6
24 41 9
23 29 1
12 30 6
12 38 2
1 37 1
5 14 3
14 27 4
3 16 2
8 30 5
37 39 5
14 26 7
3 36 3
8 34 9
43 44 4
9 44 2
16 19 7
29 35 3
39 50 4
13 46 2
10 27 10
15 29 10
24 33 9
26 49 6
18 27 3
3 7 4
17 40 4
11 46 9
1 6 10
25 46 4
11 23 5
28 32 8
7 20 10
3 34 4
9 33 9
32 33 5
1 22 9
7 28 10
3 8 6
13 45 5
17 35 7
33 40 8
12 43 2
14 33 3
16 24 10
28 30 5
6 15 3
19 40 6
20 25 1
27 35 7
31 48 6
29 39 3
21 31 5
23 30 10
1 50 5
7 46 5
18 43 4
17 49 6
18 31 5
3 39 6
33 44 8
13 39 6
6 42 5
10 21 1
37 42 3
3 31 1
19 35 5
30 33 5
21 37 9
15 32 6
6 31 7
13 24 9
24 27 8
5 42 6
1 42 7
6 11 5
7 33 10
18 23 4
10 31 2
3 21 9
8 27 8
2 38 10
18 40 1
1 14 8
16 35 10
7 14 9
28 48 5
7 43 6
32 50 6
45 47 10
22 32 5
28 34 10
15 42 8
14 49 7
15 20 5
23 26 6
4 35 10
1 36 3
6 47 8
46 50 4
21 27 3
2 11 2
5 17 2
2 49 1
14 17 4
39 47 2
10 33 4
22 29 6
6 48 5
25 44 1
32 39 6
29 43 10
2 24 6
4 37 4
27 49 3
14 42 6
13 31 5
24 28 6
20 36 5
34 38 10
12 49 1
4 49 5
4 7 3
11 24 1
31 41 9
27 36 4
22 31 6
24 32 10
49 50 8
13 20 7
19 45 7
40 41 2
4 43 8
11 15 7
36 44 9
4 36 9
2 6 10
15 45 8
10 18 2
11 14 9
7 16 3
3 44 6
25 37 2
26 32 5
28 31 6
7 39 3
31 42 7
37 46 6
17 39 9
1 16 5
23 36 2
26 47 9
16 30 2
35 43 8
9 35 10
39 49 10
41 46 4
10 25 9
22 33 9
13 36 4
20 31 3
24 38 6
32 42 3
9 39 4
5 6 9
25 36 10
40 50 7
1 17 2
35 44 3
18 29 3
12 39 8
29 32 9
17 36 5
2 33 8
9 37 9
17 21 1
15 19 7
13 50 4
3 43 2
31 47 3
11 34 8
16 26 9
34 48 10
1 11 3
22 30 9
23 34 6
8 44 9
16 17 2
7 41 3
15 44 1
10 24 1
4 9 3
8 32 9
21 44 8
21 25 1
15 28 6
25 39 6
40 43 3
21 50 5
2 30 6
14 48 5
2 27 9
1 23 4
6 33 1
1 24 10
3 46 5
5 43 2
14 32 9
3 14 10
4 23 1
15 21 7
4 34 1
6 14 4
11 50 8
12 26 2
2 40 4
5 10 7
33 48 5
6 9 2
8 12 5
16 44 7
15 31 6
38 39 6
28 36 10
25 34 4
15 37 4
13 28 1
11 40 2
2 41 4
39 46 10
16 49 4
3 38 10
40 44 9
3 4 5
31 46 5
9 23 6
3 40 6
37 43 1
14 16 9
40 47 10
15 34 5
26 42 9
24 49 10
1 29 5
34 46 9
18 32 6
26 41 3
32 38 5
13 33 8
3 27 6
20 35 9
25 50 1
23 24 3
24 47 8
8 28 5
6 45 6
19 47 1
20 40 2
27 48 7
9 16 5
11 19 3
6 32 10
17 34 1
28 39 2
4 24 6
29 30 2
2 9 8
8 31 1
14 37 9
17 41 2
7 15 6
4 40 2
30 35 7
26 27 8
6 22 1
2 29 1
3 30 10
42 47 6
1 9 1
22 41 10
28 38 1
3 6 7
19 39 10
37 41 8
13 19 1
29 50 5
8 10 7
16 38 8
12 47 9
12 28 3
13 41 2
18 48 7
26 38 6
25 30 10
22 50 10
42 46 1
2 31 4
13 47 4
12 34 4
30 39 9
7 35 2
30 41 2
36 50 6
20 49 5
2 7 10
13 42 3
21 35 4
39 42 4
22 35 10
9 45 8
18 22 1
36 40 10
17 45 7
36 49 7
10 40 7
18 47 8
5 30 7
3 33 9
26 45 9
23 47 3
18 28 2
34 47 7
8 20 8
10 13 7
20 34 2
25 38 1
9 36 3
38 48 4
34 36 10
1 35 2
20 42 4
16 36 6
14 25 9
5 49 5
21 24 8
17 23 7
12 29 1
4 46 2
1 46 3
13 18 10
27 41 3
36 48 5
3 35 7
16 47 7
11 37 2
36 37 1
20 27 9
17 22 1
11 43 8
9 28 9
8 21 4
21 48 6
15 22 9
4 27 5
24 34 8
27 29 3
37 44 1
8 50 1
5 15 7
10 11 3
35 49 3
2 16 9
12 23 4
8 26 6
4 29 3
21 41 9
23 28 9
38 41 6
16 22 7
11 30 2
42 43 10
4 18 6
40 46 2
12 15 4
19 42 10
20 32 6
24 26 3
19 36 6
2 23 6
18 26 5
9 11 10
18 19 1
30 47 1
34 35 8
1 28 4
20 29 2
2 17 3
2 3 6
32 47 10
3 50 1
24 46 1
43 47 6
2 50 8
27 28 2
37 50 5
8 43 1
9 27 4
15 25 9
38 45 6
19 26 2
2 14 2
9 24 6
13 30 7
28 42 9
3 22 3
31 36 3
7 23 8
3 32 8
10 47 10
16 28 9
4 17 9
12 13 7
33 37 3
19 28 7
28 43 8
14 45 3
16 29 9
4 22 2
14 39 6
26 43 2
29 45 6
10 36 4
16 39 4
26 29 5
25 41 6
7 18 1
14 31 6
10 17 8
27 47 3
10 49 6
4 47 6
32 40 3
41 50 4
15 48 5
5 31 8
14 21 3
33 50 5
10 35 8
22 37 6
27 42 2
13 40 5
24 37 4
9 10 9
8 16 10
13 49 8
47 49 9
15 36 6
24 30 1
44 48 9
21 30 3
30 42 9
7 34 5
18 38 10
19 24 6
9 43 2
9 38 1
34 40 10
16 34 7
1 20 10
1 38 1
32 34 10
9 18 1
27 46 9
36 43 3
2 42 1
13 22 9
18 21 10
12 37 4
18 46 3
25 26 8
4 44 5
27 38 8
2 5 1
9 12 9
26 30 9
47 50 10
36 42 5
3 15 5
30 44 10
1 3 3
29 36 4
12 42 6
3 20 8
30 49 4
28 40 7
26 35 9
23 44 4
11 36 2
37 38 5
1 49 4
10 43 9
34 39 6
21 22 2
9 17 4
33 45 8
2 35 9
45 49 9
8 9 8
6 10 4
38 50 7
32 35 9
35 41 3
23 48 10
2 21 10
40 42 10
8 19 4
30 38 5
18 37 6
1 13 9
21 42 7
12 17 10
20 26 6
2 39 8
26 36 7
4 14 1
21 46 10
30 37 5
12 36 1
18 45 10
38 47 5
16 41 6
9 30 3
6 12 2
29 42 4
2 37 4
7 8 7
5 34 9
19 21 8
48 49 6
4 25 7
17 28 8
31 43 10
15 18 2
11 47 8
9 50 2
11 16 5
1 8 7
35 36 6
1 21 1
32 44 6
35 50 6
6 23 8
32 43 2
12 31 1
15 24 8
23 31 1
19 38 10
25 32 9
21 23 8
17 27 9
7 40 6
6 39 7
27 39 4
18 49 3
32 49 4
5 46 3
3 37 9
41 44 2
39 44 10
14 38 6
17 29 10
39 43 9
11 45 3
17 42 3
12 18 6
32 37 10
11 44 1
17 31 10
18 39 7
18 30 7
3 9 6
28 44 2
31 40 2
13 38 4
16 37 1
6 36 10
33 49 9
26 34 7
30 46 6
4 10 3
16 32 9
16 21 6
20 43 5
8 18 7
2 15 10
14 20 4
24 50 3
9 15 4
7 10 2
10 50 5
23 38 10
47 48 4
30 32 1
12 50 5
7 17 6
17 44 9
25 31 3
10 19 2
5 29 3
1 39 8
25 42 6
22 24 6
28 50 3
2 8 4
13 17 4
8 11 5
14 24 7
20 22 4
33 47 6
35 47 7
38 44 3
9 14 9
6 24 9
7 49 9
8 14 10
44 47 10
30 45 9
8 41 6
18 41 2
11 22 2
7 50 1
1 7 7
31 45 7
16 46 5
12 21 6
8 37 5
8 40 2
35 45 7
23 32 1
3 26 1
13 21 10
39 48 5
16 50 9
23 45 2
2 32 1
10 39 8
22 26 2
27 32 6
14 18 10
41 49 5
36 39 9
12 22 3
1 5 1
7 19 9
5 47 4
27 34 2
38 42 7
15 47 6
5 8 9
5 12 7
13 15 9
29 38 4
35 37 9
31 44 4
29 31 1
14 19 6
6 29 1
4 39 4
5 24 4
32 48 1
5 45 9
24 29 9
6 41 9
7 36 2
40 49 9
5 44 4
21 43 3
2 46 8
7 30 8
22 44 5
9 22 9
15 49 3
42 50 2
27 43 9
11 33 6
1 45 3
41 45 10
20 44 5
20 23 5
6 13 7
16 25 2
4 33 3
17 26 6
11 27 9
3 45 5
25 29 1
12 44 8
27 30 9
7 12 2
34 42 1
10 22 6
11 13 5
7 27 8
7 48 10
7 44 9
25 33 5
9 32 3
15 17 3
35 39 5
9 34 8
27 45 9
16 33 10
19 43 10
6 35 10
1 47 5
24 25 4
20 39 9
21 28 6
12 16 4
27 44 1
34 37 5
11 28 6
6 16 5
20 24 10
44 45 2
44 50 1
16 20 2
3 47 6
24 35 3
22 39 7
36 47 1
18 24 7
10 30 7
8 24 2
20 28 3
30 43 3
9 19 7
8 45 8
48 50 4
37 40 2
18 35 5
41 42 8
10 41 7
5 32 5
32 41 10
34 49 8
34 50 3
10 38 8
3 49 5
39 41 10
45 48 8
28 49 9
12 40 3
16 45 1
35 46 4
19 29 1
22 49 1
46 47 6
22 38 6
36 45 4
6 44 4
5 27 8
8 48 6
6 30 10
44 49 9
5 22 2
4 45 7
4 16 8
12 35 1
9 46 4
28 46 2
10 28 6
18 34 4
37 45 9
5 48 9
26 48 2
28 35 5
22 46 3
27 31 9
45 46 3
31 32 7
28 45 10
11 18 2
13 35 4
13 43 10
13 32 3
26 31 8
14 29 8
19 25 3
27 40 6
8 23 9
10 37 4
7 21 3
10 16 10
22 48 1
35 40 5
22 36 6
14 44 1
33 43 8
21 29 10
9 13 8
11 35 10
23 39 1
14 46 7
4 20 8
10 48 10
12 46 2
6 18 4
2 28 9
6 46 4
16 40 9
37 359 187
21 31 3
31 37 1
6 24 5
22 33 3
7 37 2
29 33 3
1 7 8
3 13 5
1 25 9
5 24 9
23 33 4
22 23 1
1 10 7
10 13 5
7 11 3
7 23 9
1 5 8
5 6 6
16 22 2
6 30 6
29 37 8
24 36 10
27 31 6
7 12 7
5 25 3
9 10 10
3 21 6
3 5 3
17 28 2
17 23 10
9 29 9
24 28 5
19 24 10
18 22 1
7 18 2
6 18 9
10 17 2
3 29 1
10 24 9
4 8 7
4 25 2
21 37 1
17 36 8
14 25 2
11 28 10
6 11 3
1 24 10
7 13 8
27 34 1
6 25 5
10 34 7
13 23 3
18 25 6
18 20 8
14 35 1
2 11 2
7 10 1
3 7 1
5 33 7
7 25 1
18 19 7
6 9 5
32 34 5
7 34 8
11 15 4
11 37 5
33 37 1
3 6 4
26 28 2
5 36 7
7 26 8
22 36 10
31 34 3
2 31 6
21 30 8
2 14 6
3 19 3
13 32 1
8 33 2
1 23 8
14 32 2
4 21 10
8 10 9
15 18 10
14 24 1
18 37 4
4 18 6
10 28 4
14 33 4
29 32 8
15 16 9
5 18 7
22 35 2
17 21 6
4 20 4
32 33 5
13 25 7
16 37 8
30 36 4
17 35 6
10 29 6
22 30 5
10 15 10
6 33 2
25 31 8
5 23 6
13 34 6
9 13 8
1 18 6
17 24 8
17 27 1
6 29 3
13 35 1
3 28 10
11 27 9
23 37 6
10 12 5
3 15 1
21 28 8
18 30 8
6 20 5
7 32 4
9 26 8
15 23 7
5 8 9
29 34 8
18 28 9
9 19 9
6 10 2
15 31 3
32 35 2
12 30 5
7 28 2
13 18 3
16 18 5
8 31 5
14 19 10
5 30 6
11 25 3
20 34 9
8 32 9
2 12 6
9 22 7
9 12 2
13 14 10
4 28 3
6 28 2
9 30 9
10 21 6
6 35 7
31 36 4
16 28 2
18 24 8
12 25 1
19 26 2
18 32 4
13 28 10
29 30 6
18 34 3
2 16 9
7 22 4
5 15 5
7 15 3
5 31 3
1 17 8
8 25 8
10 25 4
3 8 2
20 25 9
12 34 6
5 14 8
6 23 10
13 29 8
14 21 2
23 36 1
28 29 3
7 19 4
25 29 10
9 36 3
11 18 6
12 26 3
19 35 9
16 25 5
1 27 1
15 22 10
8 26 2
2 24 2
1 35 7
5 21 7
13 20 2
11 31 7
1 13 2
14 30 2
1 29 3
9 24 3
11 24 7
2 37 8
23 29 3
16 35 2
16 33 8
7 9 2
13 33 6
9 11 8
8 18 10
7 20 2
19 27 4
15 36 7
15 17 6
5 29 6
2 21 6
23 25 10
22 34 6
6 36 5
9 27 5
7 16 6
4 17 8
14 29 7
10 33 2
4 15 10
2 15 1
13 19 1
1 30 5
24 34 10
9 21 7
20 24 9
25 30 8
8 17 8
4 24 7
12 23 8
5 16 9
12 27 1
24 37 1
8 20 5
4 29 6
13 27 9
21 36 7
30 37 4
5 37 9
6 26 3
16 19 3
25 32 2
3 10 6
11 14 6
3 32 1
22 27 1
10 11 4
17 30 3
10 26 6
19 32 2
23 30 6
27 37 5
2 32 8
34 36 4
4 19 4
3 34 8
12 35 5
14 15 5
10 19 7
6 12 6
14 36 8
25 36 10
20 35 4
4 33 2
5 28 5
17 22 10
17 32 6
28 30 4
8 34 8
1 36 4
20 31 3
3 9 8
17 34 1
6 34 7
11 26 10
32 37 1
6 17 8
16 29 4
15 29 4
11 21 1
1 32 9
23 26 2
21 27 2
9 17 5
3 23 8
14 17 8
19 20 3
15 26 8
25 27 1
4 23 9
15 21 6
17 26 1
3 26 9
31 32 10
12 28 3
4 37 5
13 26 8
7 24 10
26 30 1
7 17 5
6 32 2
15 33 3
12 19 2
16 32 6
4 32 1
6 19 8
3 24 6
2 5 7
29 36 2
16 21 5
8 35 9
6 37 10
4 10 4
2 13 3
1 16 10
16 36 3
3 33 8
27 29 6
4 6 8
11 16 1
5 34 9
30 33 7
14 37 5
23 31 3
12 31 5
6 16 1
16 30 1
14 23 2
27 33 9
21 32 5
14 16 4
4 36 8
9 35 3
23 34 4
33 35 10
16 17 9
12 21 2
4 26 7
10 30 2
10 14 5
13 37 1
1 15 8
17 25 2
12 17 7
11 23 4
11 36 1
4 13 2
16 20 9
3 12 8
2 3 7
9 16 7
1 33 2
3 35 10
21 26 8
30 32 3
26 27 8
5 35 4
7 35 1
2 19 6
24 25 3
5 7 150
4 5 4
3 4 4
2 5 8
2 3 2
1 3 2
1 2 3
1 4 3
14 81 36
6 7 7
10 12 3
4 10 10
5 7 1
5 9 2
6 8 4
6 12 6
8 13 9
2 6 6
2 11 9
9 10 9
10 13 6
3 14 5
3 6 3
8 9 2
3 8 3
4 6 6
9 11 7
5 12 8
9 13 4
10 14 6
1 12 4
1 3 5
1 14 1
2 3 7
2 10 9
13 14 9
3 4 5
5 6 6
8 14 6
4 9 2
2 4 10
6 10 4
1 7 5
7 12 10
5 10 3
11 12 9
12 13 5
7 8 5
4 12 4
6 9 8
9 14 2
2 9 8
2 7 4
8 10 5
4 7 3
6 14 1
2 12 7
2 8 8
4 14 4
5 14 6
1 11 9
6 11 5
1 2 4
3 9 8
4 8 7
5 11 6
1 8 3
5 13 8
2 14 2
2 5 7
1 6 10
4 11 1
3 13 3
10 11 5
3 10 1
1 13 3
7 9 7
4 5 2
3 7 5
1 10 3
7 10 9
5 8 5
6 13 2
7 11 10
8 11 5
11 14 10
12 14 3
1 9 5
11 13 8
3 11 4
45 218 60
5 22 7
2 34 1
11 21 4
13 36 9
42 44 1
7 21 3
7 35 5
30 31 9
3 4 10
13 33 9
13 20 1
16 39 3
6 20 6
20 31 7
10 34 6
5 33 5
9 24 2
9 40 7
6 12 5
10 45 4
14 26 3
9 37 2
34 36 5
27 28 10
3 16 2
24 31 7
28 38 1
36 39 5
34 39 4
17 44 10
1 7 6
20 38 9
4 40 6
15 37 1
13 26 4
8 26 1
2 8 6
18 43 4
13 16 10
16 26 9
15 33 8
20 45 8
36 38 6
28 36 6
26 29 6
12 19 2
12 35 7
14 28 1
5 39 7
29 36 4
7 23 5
21 29 9
30 45 7
9 35 8
3 8 10
12 39 6
25 27 8
7 32 4
10 14 3
4 25 1
14 34 5
15 18 1
31 33 7
8 12 4
6 28 6
22 29 3
10 25 3
5 17 5
2 23 4
17 43 9
21 43 3
18 27 3
2 22 9
6 45 3
7 9 1
13 15 4
19 30 3
19 37 2
10 37 1
26 32 10
8 30 8
2 27 2
3 7 3
2 43 8
12 21 7
5 37 8
24 26 10
2 13 1
15 40 4
8 45 4
3 13 2
8 10 1
19 27 9
1 29 6
17 34 4
3 33 8
8 41 5
21 41 6
1 5 4
17 28 5
22 38 1
23 25 6
38 43 9
31 41 2
2 12 7
6 33 3
13 39 1
20 26 1
21 23 4
18 35 9
13 18 4
32 37 10
27 45 8
18 41 4
11 26 2
5 36 3
22 28 1
26 42 3
12 32 1
19 24 2
14 20 7
10 27 5
13 21 9
42 43 1
37 44 8
16 34 1
7 43 1
5 43 4
15 21 5
2 44 6
17 36 4
2 29 7
21 28 2
29 42 7
15 27 8
32 43 4
7 17 8
5 34 5
26 35 7
28 34 4
6 37 4
10 31 1
16 33 7
4 9 8
5 45 2
1 42 4
3 22 10
9 43 2
11 33 8
13 24 9
9 42 8
27 36 6
3 15 8
36 42 10
13 28 4
13 25 4
11 16 9
4 26 9
18 23 4
1 21 1
7 45 7
13 23 2
4 44 5
1 10 5
12 13 7
11 13 10
21 24 7
3 29 9
2 35 2
20 34 6
3 18 5
7 13 10
19 33 10
9 39 10
13 30 9
21 33 1
9 26 3
14 42 8
25 43 8
35 44 8
5 29 3
4 17 8
23 29 10
17 38 7
17 35 9
5 6 4
8 33 8
27 35 1
11 43 10
26 27 1
36 41 8
20 40 6
6 23 5
10 29 9
22 31 7
30 40 3
17 41 10
7 44 4
13 35 10
23 37 2
17 19 6
28 43 7
15 26 10
41 43 6
7 31 6
17 39 3
13 32 10
36 44 1
16 40 1
29 33 3
20 22 8
3 34 3
11 12 10
4 7 7
9 11 8
6 18 4
2 17 3
5 20 5
36 216 139
22 29 7
9 10 1
18 19 3
14 23 7
6 28 10
10 28 3
1 2 5
3 17 3
15 27 9
23 26 9
7 36 10
12 25 10
10 16 4
23 24 6
25 30 8
30 33 5
3 21 3
11 34 4
3 28 6
18 32 7
18 34 3
3 16 4
4 16 4
16 26 1
8 23 9
2 9 3
5 35 3
16 17 8
4 31 6
16 28 5
16 31 8
17 30 9
5 21 10
23 36 7
20 28 5
8 9 7
4 32 8
7 27 2
4 33 1
14 15 7
1 17 9
32 33 9
7 14 6
8 32 5
24 36 8
1 24 3
34 35 6
6 17 2
5 23 2
13 26 10
15 22 2
16 24 5
5 12 4
4 26 10
4 30 7
5 16 7
9 34 2
4 13 7
4 28 9
2 36 4
1 21 4
27 34 2
14 35 5
18 36 9
19 23 10
32 36 10
14 30 1
1 4 1
19 30 8
14 18 5
4 7 1
10 36 2
12 29 6
10 26 1
10 22 8
17 29 7
16 27 4
10 11 8
5 27 6
5 19 8
10 31 8
6 25 6
15 19 4
7 25 3
4 15 10
7 32 4
1 36 3
4 23 8
1 26 2
11 35 8
8 22 10
11 32 10
5 33 3
9 14 4
11 17 5
7 30 6
20 29 2
10 32 9
14 27 3
16 19 1
17 32 9
16 30 1
24 25 2
33 35 7
6 24 9
1 6 6
24 28 7
11 22 7
6 23 2
14 29 10
7 9 9
19 26 10
12 20 6
15 26 1
6 11 6
15 25 7
10 12 6
1 5 5
10 20 3
12 16 7
20 26 10
13 16 3
13 18 5
31 34 10
7 10 1
8 10 10
25 32 5
29 34 8
2 6 9
35 36 10
5 22 8
6 30 8
1 30 3
1 25 3
22 24 3
3 10 1
3 25 6
4 24 9
11 18 8
20 24 10
10 14 2
13 33 6
1 32 1
8 16 3
22 27 3
27 32 4
2 34 6
14 20 4
19 33 6
24 30 4
1 14 1
23 35 1
13 32 2
30 32 4
5 18 3
6 19 5
1 3 1
3 8 4
12 14 7
7 24 6
3 22 2
28 34 10
32 34 2
20 33 10
12 31 1
11 24 3
11 12 8
6 16 9
17 24 9
12 22 8
3 35 7
9 32 8
3 4 9
7 26 7
15 29 9
7 18 2
25 28 9
13 20 3
11 26 2
16 20 2
23 34 1
27 28 9
13 24 10
5 32 3
25 29 9
4 5 8
14 25 1
7 34 8
9 13 5
2 4 9
14 22 7
8 19 8
9 24 1
8 27 10
3 26 2
31 36 8
1 18 9
13 22 1
15 35 8
29 36 7
11 25 10
20 21 8
9 22 1
14 24 7
20 34 10
5 14 7
5 11 5
4 19 10
17 31 7
16 22 5
2 17 5
22 35 3
1 7 4
5 36 4
11 21 6
12 24 1
43 42 13
11 13 5
11 14 6
9 14 8
27 41 7
20 35 4
22 41 9
9 21 3
39 42 8
32 40 10
2 29 9
14 38 8
15 25 10
36 37 4
3 30 8
5 32 8
18 19 5
5 26 8
8 42 2
16 20 2
33 40 2
10 40 6
4 31 3
12 19 5
8 34 4
5 36 9
6 11 8
18 25 1
22 29 10
1 14 1
42 43 3
13 17 2
20 41 3
3 13 10
28 31 7
7 11 7
13 18 1
4 5 4
20 42 1
16 23 2
13 20 3
14 24 9
17 32 1
7 21 116
1 4 9
2 3 10
4 6 1
3 4 8
6 7 3
1 7 8
4 7 9
4 5 2
2 4 9
5 7 7
2 6 8
1 6 8
1 3 4
3 7 10
1 2 8
1 5 2
2 5 5
3 6 3
5 6 5
2 7 5
3 5 4
50 49 200
37 45 10
22 28 10
16 33 10
22 42 10
36 48 10
19 24 10
11 41 10
1 5 10
2 32 10
17 40 10
8 30 10
2 35 10
9 45 10
16 23 10
4 39 10
21 31 10
25 30 10
44 47 10
5 46 10
9 25 10
19 33 10
38 49 10
1 13 10
32 36 10
18 35 10
21 28 10
15 27 10
29 46 10
24 37 10
18 41 10
10 14 10
8 20 10
11 29 10
4 49 10
7 34 10
26 43 10
26 34 10
27 48 10
3 44 10
31 39 10
42 47 10
10 38 10
3 15 10
12 20 10
6 12 10
40 43 10
6 13 10
17 23 10
14 50 10
16 27 171
5 12 1
4 7 6
8 13 4
1 12 10
11 13 2
11 14 10
8 9 6
5 15 1
5 7 1
5 9 9
12 15 7
4 11 8
4 16 2
14 16 1
2 12 4
3 6 5
7 10 2
10 12 10
3 11 9
7 12 4
2 8 8
5 14 10
4 15 8
2 11 6
7 13 10
1 14 3
3 12 9
26 27 146
14 22 4
13 18 8
4 22 7
15 21 7
10 24 5
19 26 9
4 10 7
18 23 3
1 8 3
6 22 9
4 25 7
7 18 3
4 9 3
4 15 6
11 24 4
12 19 4
5 21 5
7 10 3
18 19 7
8 9 4
4 24 2
3 22 5
2 24 8
2 6 6
9 20 7
7 16 6
7 17 8
9 9 135
1 7 4
3 6 9
2 7 10
3 9 6
1 8 8
3 4 7
2 4 4
3 8 6
5 8 1
12 20 78
6 9 1
10 12 5
3 6 3
4 10 8
11 12 6
7 9 8
7 10 2
2 5 10
4 12 7
1 4 1
2 12 10
4 7 9
6 8 4
2 10 3
8 10 2
1 9 7
5 7 6
2 11 10
9 11 6
8 9 10
2 1 10
1 2 10
50 1225 163
6 38 3
22 45 7
1 25 10
44 47 1
4 40 2
21 24 1
6 7 1
10 33 7
13 35 3
3 47 7
34 39 9
17 23 7
24 41 10
4 48 1
9 20 9
2 3 2
5 43 3
23 42 10
26 44 2
5 47 10
4 46 9
12 16 8
28 42 2
1 49 5
13 25 2
5 30 2
29 30 3
27 30 8
4 35 7
4 29 3
30 44 3
13 50 5
28 31 8
40 46 7
1 30 5
33 39 7
32 47 10
35 45 9
6 17 7
24 42 7
19 42 2
6 32 4
1 48 1
41 50 1
8 47 8
23 32 5
23 47 6
31 41 6
45 47 6
7 10 2
30 46 4
11 16 10
4 28 9
28 49 8
23 45 10
2 28 3
30 41 6
14 27 6
31 42 8
25 30 2
36 45 1
4 44 2
1 20 3
20 39 4
7 33 6
8 48 9
20 43 2
28 40 2
27 39 7
29 45 10
5 32 6
2 5 1
35 44 8
11 46 8
7 46 10
27 40 7
20 21 1
2 37 4
11 23 2
15 41 4
15 25 9
12 25 8
38 50 3
26 34 10
7 11 2
2 47 4
2 19 1
10 21 7
7 41 10
3 13 2
36 48 2
17 39 3
14 47 5
36 46 10
32 43 7
13 24 8
25 42 9
16 31 1
16 43 1
38 44 10
31 35 5
19 40 7
3 31 1
17 19 1
46 47 2
11 28 4
2 31 4
39 44 7
17 36 9
15 38 8
17 45 8
34 40 5
15 27 8
8 18 1
5 17 4
31 38 3
4 41 4
16 34 3
29 36 10
31 36 1
15 39 6
2 33 4
16 27 10
18 43 3
14 19 9
12 43 5
19 39 9
20 33 1
26 32 7
17 26 4
35 47 2
14 33 10
22 39 6
5 49 8
36 49 1
15 26 3
4 36 9
5 14 1
16 50 5
15 18 2
3 30 8
29 40 6
1 41 4
8 33 2
7 15 9
21 38 2
25 28 5
25 31 5
24 30 10
30 40 5
15 20 5
30 45 8
41 48 6
6 12 8
19 22 7
17 31 8
3 11 10
14 23 9
7 35 7
26 36 1
18 49 8
36 50 5
32 37 1
35 39 10
35 40 9
31 43 3
3 8 10
3 23 9
17 41 8
3 24 5
23 25 1
40 41 9
6 42 5
25 48 3
22 41 3
23 29 6
14 21 3
12 26 8
18 39 5
47 48 3
30 32 10
11 49 1
42 43 8
17 47 2
2 10 5
25 27 4
3 17 8
26 47 8
21 26 4
6 15 1
13 19 9
21 40 8
9 44 2
5 9 8
3 44 7
19 24 10
16 26 5
22 35 4
7 12 5
21 31 5
23 39 9
7 8 5
21 41 9
10 19 3
13 23 8
9 34 9
24 48 9
4 20 2
9 23 5
35 41 3
42 44 4
40 45 6
18 47 7
8 20 4
32 38 2
43 48 2
2 15 10
25 38 3
46 48 7
37 44 4
3 41 10
3 38 1
2 27 2
26 46 8
1 44 9
10 46 1
23 38 3
2 50 6
20 41 2
9 31 7
23 35 2
2 9 6
44 49 7
6 18 2
33 40 7
10 23 7
29 31 4
31 48 10
45 50 5
47 50 9
6 43 6
25 50 10
35 49 9
11 27 7
24 29 5
31 32 6
17 30 10
6 46 9
14 48 3
18 36 1
2 41 7
12 30 3
3 20 2
20 34 9
18 19 7
12 34 2
17 20 4
28 38 8
39 42 8
6 44 9
15 24 1
26 38 2
45 49 1
8 43 5
2 43 2
2 44 10
9 12 2
7 44 1
15 35 8
43 45 1
29 34 7
10 40 8
20 23 5
24 45 6
25 35 9
19 43 6
2 30 7
18 22 1
14 42 3
2 32 5
16 23 5
1 19 9
10 47 5
19 45 6
1 27 7
13 34 7
1 39 4
13 49 10
9 41 10
8 13 6
6 20 1
34 44 2
13 39 1
40 49 4
19 36 7
34 35 6
34 38 2
36 47 4
25 29 5
40 48 7
5 13 9
1 17 4
13 41 9
31 46 10
42 50 6
20 25 7
7 48 10
2 11 2
8 37 5
4 6 6
9 48 8
11 45 1
15 42 1
48 49 2
19 26 8
14 30 10
20 38 3
3 25 5
17 24 4
23 31 9
11 38 9
5 7 5
29 48 6
11 43 5
8 24 2
28 39 8
28 43 6
2 16 8
19 50 9
3 32 9
19 23 4
24 38 5
7 47 9
39 40 2
24 43 10
12 29 2
11 47 5
16 44 8
13 29 8
16 37 8
28 46 3
29 37 4
11 44 2
2 29 10
33 43 2
7 36 2
8 30 2
37 43 3
26 35 4
9 26 4
43 47 10
5 24 8
10 43 8
10 30 8
5 39 3
23 36 9
16 17 6
7 37 8
25 49 2
15 22 9
15 47 10
9 36 2
7 34 1
9 19 1
14 43 9
13 44 9
4 45 5
23 24 10
20 29 8
14 44 10
32 46 7
23 44 5
11 41 7
21 49 3
18 42 4
36 37 1
16 33 8
14 37 2
20 42 4
37 50 3
28 37 1
46 50 6
7 29 8
6 26 6
17 42 4
9 46 1
6 29 6
43 46 1
15 29 2
29 35 6
20 22 9
12 33 2
28 48 8
22 46 9
25 41 8
11 14 6
4 42 1
9 33 1
13 21 9
2 34 10
22 44 8
21 33 8
27 29 9
9 11 10
23 40 10
24 33 10
11 26 3
4 5 4
25 37 1
34 42 3
14 41 9
31 39 3
9 24 8
15 37 3
16 45 10
8 23 9
1 35 6
33 49 6
4 14 9
24 28 10
12 49 2
18 41 5
19 30 6
16 47 10
12 46 5
3 39 1
42 46 2
28 35 5
2 8 9
15 16 1
29 42 9
3 48 7
12 17 9
9 25 1
9 29 8
22 37 8
4 8 1
30 50 4
18 20 8
11 31 8
21 44 10
8 26 3
21 47 5
8 21 10
13 47 8
29 49 4
22 26 7
2 6 5
8 49 7
27 33 4
20 46 6
13 26 1
2 46 8
17 49 10
16 24 9
15 49 2
4 19 9
44 48 6
25 33 8
10 17 7
12 32 1
3 37 6
15 32 3
14 35 6
13 30 10
2 20 7
4 26 6
24 25 8
13 38 10
3 15 4
7 27 2
2 38 9
19 37 8
28 30 5
3 10 3
1 16 9
35 37 9
9 30 7
9 47 6
10 42 5
12 38 10
3 45 9
30 47 10
2 36 5
11 21 4
27 50 7
14 34 3
32 50 3
5 28 10
22 32 8
10 13 4
10 18 2
12 23 6
28 32 7
27 34 2
42 49 8
26 27 7
18 23 8
23 34 3
2 23 10
1 43 5
17 40 8
22 40 3
41 46 9
14 28 9
17 38 9
13 15 10
34 48 4
7 42 2
1 47 8
39 47 8
4 50 10
3 27 2
28 29 8
26 43 4
19 31 6
13 42 7
16 30 2
4 39 4
10 29 1
5 23 3
10 32 7
13 28 6
5 31 6
19 47 6
4 32 2
11 25 2
18 44 2
16 32 2
1 2 3
3 18 7
18 27 4
28 33 10
3 28 6
22 34 4
15 30 8
8 39 8
11 30 10
6 45 3
8 38 8
12 40 9
6 34 7
28 44 10
12 37 1
5 46 6
37 38 3
30 42 7
11 35 10
3 9 3
12 19 5
24 39 5
15 28 9
21 34 4
1 37 5
37 40 10
2 14 2
19 34 5
36 42 1
16 49 6
18 25 1
31 50 9
40 43 6
14 36 7
18 50 9
2 4 2
17 18 3
12 45 9
9 15 9
19 44 1
32 35 7
3 6 5
7 21 2
5 12 6
33 45 3
31 40 1
27 42 1
7 14 10
37 39 1
21 28 2
36 44 9
29 32 1
16 48 8
21 50 8
1 45 6
13 18 7
14 45 1
17 25 9
20 49 10
37 46 6
29 50 8
11 48 8
33 42 2
9 16 2
19 28 10
29 38 10
8 35 7
4 24 1
30 37 8
23 28 10
6 24 6
28 34 4
7 20 4
1 5 1
5 38 7
26 33 7
40 47 2
19 32 7
26 41 7
26 48 9
19 21 1
30 34 10
11 22 1
12 21 8
12 20 3
22 27 9
5 40 10
20 50 10
24 49 4
2 13 8
28 36 7
22 43 1
10 44 4
12 31 5
19 33 10
2 49 1
22 25 3
31 45 7
4 49 5
11 17 10
11 13 1
18 34 2
6 9 1
22 24 6
30 38 8
30 35 6
1 4 7
12 15 2
22 50 5
7 45 10
18 26 9
16 35 6
20 26 6
27 36 3
5 26 5
13 14 3
4 31 5
20 47 4
9 38 1
11 15 5
14 20 9
24 26 4
7 31 1
15 44 9
6 33 9
41 43 9
23 43 9
8 50 4
1 32 8
7 39 7
22 31 9
20 32 9
26 40 4
16 42 9
22 28 8
4 33 5
32 41 9
2 22 5
37 47 9
25 32 2
8 15 8
4 30 3
30 43 10
3 43 3
14 40 4
15 43 5
2 18 6
10 14 4
15 50 2
17 44 4
35 36 6
38 40 6
8 14 4
13 40 4
44 45 8
4 22 10
1 3 2
30 36 3
39 41 8
9 35 2
22 33 3
3 21 7
38 42 1
20 37 9
11 20 7
5 6 8
9 22 7
19 29 5
8 10 4
2 7 3
9 27 4
7 40 5
11 50 4
19 38 9
5 25 3
18 29 8
4 13 10
32 44 9
28 41 8
21 39 4
10 34 6
5 11 5
6 16 2
40 50 6
5 44 5
17 46 10
23 27 9
27 38 1
10 26 4
1 24 4
16 41 5
15 31 6
13 17 3
6 11 4
31 47 6
38 49 10
10 50 2
3 46 8
28 45 6
7 17 4
41 44 8
1 50 2
38 48 3
14 29 8
34 36 5
4 9 9
10 31 1
33 35 1
35 42 7
27 47 3
17 28 3
9 18 3
4 10 8
16 36 5
2 42 9
38 39 8
12 44 4
30 33 8
1 18 7
38 43 7
24 32 5
37 49 10
12 22 6
38 47 10
46 49 9
15 36 6
21 25 1
32 34 9
1 22 10
22 48 9
14 18 7
33 41 6
17 43 8
13 20 8
30 39 7
33 36 3
32 42 5
33 34 10
6 37 1
19 41 6
9 14 2
26 29 9
10 37 10
8 12 9
3 29 2
11 19 6
24 34 5
16 19 3
20 44 10
23 48 5
18 37 7
8 31 9
3 19 5
26 39 8
45 48 6
3 26 3
48 50 1
27 45 1
33 47 4
32 48 2
7 32 3
23 50 10
34 41 4
17 33 5
1 12 8
5 19 3
18 38 4
32 45 10
2 26 8
21 45 9
20 28 2
12 27 10
40 42 6
38 46 6
21 43 10
16 46 2
9 37 7
6 30 8
42 48 4
7 38 8
15 48 9
9 45 6
4 11 2
8 17 8
19 46 9
1 10 2
21 35 8
1 36 4
33 44 10
3 35 8
13 48 3
28 50 10
1 38 1
39 43 1
27 41 9
3 42 7
12 13 10
10 45 3
43 50 7
47 49 9
9 40 10
6 39 9
2 39 5
6 47 3
15 40 3
9 28 1
32 36 2
21 46 5
24 44 2
34 49 3
2 21 5
20 35 8
7 30 3
8 27 1
43 49 7
6 27 2
3 14 1
17 50 7
28 47 6
14 46 8
29 33 10
39 45 8
27 31 4
22 42 5
7 26 3
13 37 3
34 46 8
23 41 10
6 40 8
6 36 9
22 29 5
44 46 2
16 20 5
19 25 4
5 33 1
14 25 5
10 38 6
17 48 6
27 49 6
20 27 10
12 18 4
10 48 8
29 47 9
41 45 5
25 45 5
11 37 6
29 44 9
14 15 9
6 14 1
13 33 8
26 37 8
7 18 9
6 21 6
2 35 6
20 36 6
12 24 7
10 49 10
42 45 8
4 27 2
15 17 2
14 16 8
16 38 8
23 26 6
26 30 4
5 29 10
21 36 9
27 43 2
3 49 9
11 39 1
35 46 6
32 33 3
25 40 10
10 15 6
7 22 10
4 34 10
41 42 6
1 21 5
5 35 5
39 50 4
7 50 3
11 32 5
1 31 3
8 45 10
15 33 7
11 29 10
7 25 4
21 27 1
20 40 1
22 38 8
45 46 4
30 49 4
5 22 1
41 49 10
25 39 9
32 49 7
8 19 9
10 25 1
25 46 3
25 44 4
2 24 5
29 46 9
3 7 4
12 36 4
11 40 5
5 15 5
9 42 10
8 44 2
14 24 2
26 42 9
9 43 9
2 25 10
18 46 7
31 44 4
17 27 7
7 19 5
1 28 10
18 21 2
24 46 6
23 37 6
14 39 1
33 38 2
10 35 9
20 45 10
17 21 2
10 24 7
5 45 5
11 33 7
6 50 1
10 11 1
36 38 3
17 34 1
23 30 3
41 47 7
6 8 3
4 16 4
8 28 1
14 31 1
26 28 7
49 50 4
27 46 10
19 27 10
6 48 10
4 7 8
21 22 7
3 50 3
7 13 5
6 49 1
10 39 6
11 18 7
24 40 7
37 48 10
24 35 6
8 40 1
11 36 9
44 50 10
13 16 1
18 45 6
6 41 10
10 22 10
20 24 10
14 17 9
36 40 2
21 23 6
33 46 10
12 35 2
12 28 7
9 10 7
3 36 9
20 48 6
12 50 8
38 41 7
16 25 4
31 37 6
23 46 2
25 36 4
10 12 2
16 40 7
8 16 2
1 13 4
18 40 2
7 49 7
11 42 2
8 29 5
1 40 6
6 23 3
9 50 7
1 11 5
15 46 3
21 37 9
1 33 4
13 22 1
22 30 5
4 25 8
26 31 5
32 40 3
21 30 2
17 35 2
18 35 3
27 35 10
18 32 1
4 21 3
35 50 3
7 43 5
22 23 5
21 32 3
10 20 6
8 11 7
19 20 5
16 21 5
3 5 8
15 45 9
12 39 4
14 32 2
7 23 6
13 36 5
34 43 3
9 17 4
34 47 7
29 39 9
39 48 7
21 29 10
19 48 5
18 28 4
23 49 1
21 42 5
31 34 2
13 32 8
24 37 3
33 50 4
5 50 2
26 49 2
36 41 10
27 37 3
35 48 10
12 42 9
4 43 4
20 30 9
5 10 10
13 43 8
21 48 9
5 42 8
23 33 8
24 47 6
29 41 4
31 49 3
4 18 6
4 15 10
6 22 10
1 14 3
25 43 9
8 41 3
11 24 7
8 46 2
11 34 3
29 43 4
6 31 9
4 38 6
34 50 1
5 18 9
19 35 3
16 29 8
32 39 10
5 16 4
14 26 1
3 12 1
18 24 4
5 36 2
8 42 3
2 12 1
15 23 5
1 9 9
14 38 1
2 45 10
40 44 6
17 32 2
10 28 1
1 34 7
2 40 5
1 23 8
18 31 5
37 41 7
1 6 1
43 44 4
9 32 9
2 48 7
27 28 3
12 47 8
3 33 6
9 13 8
8 9 8
36 39 8
3 40 3
10 16 2
25 26 4
9 49 4
30 48 2
22 36 4
8 36 5
15 19 5
24 27 2
16 18 5
1 7 5
5 37 1
1 8 1
3 22 3
14 49 5
4 37 8
35 43 4
18 48 1
1 29 5
4 17 4
10 36 1
10 27 2
6 28 8
8 25 2
11 12 4
12 48 7
16 39 3
12 14 1
13 45 5
13 31 8
5 27 6
15 21 4
34 45 8
14 50 10
3 4 10
5 41 3
7 9 4
15 34 10
16 28 8
24 36 9
17 29 7
39 46 3
33 48 5
31 33 4
2 17 4
17 37 2
7 24 4
8 32 8
25 34 1
6 10 10
24 50 6
34 37 2
27 44 5
9 39 5
30 31 4
8 34 1
7 16 7
5 8 7
14 22 7
24 31 9
5 21 2
27 48 7
17 22 5
39 49 4
25 47 4
1 42 9
20 31 4
1 15 9
6 25 4
9 21 5
4 12 6
16 22 1
13 46 9
37 45 6
3 34 5
38 45 9
22 49 9
37 42 3
13 27 3
5 20 9
18 33 6
6 13 1
1 46 8
35 38 5
1 26 6
19 49 4
8 22 8
4 23 3
42 47 3
5 34 7
6 35 5
3 16 8
7 28 9
26 45 6
10 41 4
27 32 9
22 47 5
4 47 1
5 48 7
33 37 2
6 19 7
18 30 2
26 50 1
36 43 7
12 41 7
14 47 161
6 13 6
2 3 1
4 8 10
5 14 1
2 5 3
5 11 8
3 12 8
5 12 1
8 12 7
8 14 4
10 11 6
6 12 2
4 10 6
9 14 8
3 4 2
5 13 7
3 10 4
8 10 8
1 12 1
5 10 10
3 8 6
4 5 7
1 4 3
3 13 1
9 13 3
1 3 6
2 11 6
2 4 4
10 13 3
3 5 3
5 7 7
10 12 7
7 13 2
1 5 5
1 2 10
8 13 4
4 14 7
1 6 5
3 6 10
6 9 7
2 13 5
3 7 7
1 8 10
12 13 3
2 6 8
6 8 7
1 10 3
27 41 156
12 19 7
2 15 7
5 23 7
4 16 8
4 23 4
6 24 7
11 20 6
7 17 3
11 12 4
20 25 8
7 8 7
13 19 6
7 26 4
13 27 4
15 19 3
5 20 2
2 25 8
11 15 7
3 14 6
17 18 4
5 6 6
13 20 10
11 18 2
3 13 3
1 11 3
15 20 1
12 25 5
6 11 6
6 8 9
8 21 1
4 10 1
9 15 1
7 25 2
4 22 3
12 14 9
1 9 6
12 15 9
1 4 10
10 26 3
8 22 9
4 25 10
46 68 154
7 13 9
5 29 1
2 6 6
5 22 1
8 39 1
18 32 4
15 42 1
12 26 1
31 35 6
17 20 10
10 15 4
23 40 7
5 43 4
25 34 8
9 24 8
9 34 3
18 46 8
8 16 8
6 10 3
8 41 1
11 27 8
20 42 7
12 45 1
9 40 2
39 44 9
12 35 2
27 29 7
8 27 5
32 40 8
23 25 3
20 38 6
23 26 6
3 25 3
2 34 3
22 28 1
1 36 3
33 42 2
1 27 5
11 17 9
2 11 7
21 33 9
38 40 4
4 27 5
13 24 6
2 44 4
27 41 1
5 7 1
2 4 8
26 37 4
9 41 3
29 38 2
19 27 1
12 43 8
27 31 1
35 45 4
14 44 4
3 4 6
9 33 7
34 40 9
31 39 3
9 46 9
19 45 4
9 10 2
11 32 4
24 26 4
18 45 3
30 32 8
6 31 7
11 15 139
7 9 3
4 7 2
2 10 1
1 7 7
2 7 5
3 10 10
8 9 8
1 5 2
2 11 6
6 11 8
3 11 1
1 3 7
3 9 9
7 11 4
3 7 1
16 21 103
13 14 7
9 10 4
6 16 2
5 13 6
4 6 8
9 16 3
7 15 10
2 8 8
1 6 4
10 15 6
3 9 7
3 12 4
4 11 8
2 11 10
2 15 4
1 13 9
10 12 3
8 10 6
6 7 8
10 13 9
4 13 7
26 49 74
18 21 2
4 22 6
4 15 3
13 17 7
2 4 8
1 16 6
8 11 4
14 26 3
9 23 6
9 18 5
3 25 6
2 16 8
12 13 6
10 23 7
6 14 4
7 25 6
14 18 10
2 23 6
19 20 6
12 21 1
15 24 4
7 26 9
2 19 2
8 12 6
9 25 1
22 23 1
12 15 8
1 17 1
14 16 3
17 20 9
6 12 5
14 25 2
13 20 10
4 19 2
2 24 2
6 22 9
10 17 7
2 17 2
5 17 9
14 15 1
1 24 10
8 9 1
8 14 9
15 26 1
2 5 8
5 8 10
4 26 8
2 8 1
10 16 8
46 47 128
22 27 10
5 23 7
9 39 9
19 24 9
1 9 3
2 21 8
15 21 10
2 30 2
30 34 4
18 23 10
22 41 2
11 33 2
8 23 9
13 36 6
16 24 3
18 43 7
6 17 3
6 41 1
2 24 8
18 38 6
29 42 8
24 40 3
26 33 2
26 35 6
22 28 4
23 40 5
18 36 3
8 44 7
1 2 9
7 37 8
14 16 4
12 31 4
26 32 10
22 39 9
6 23 4
10 31 9
6 42 8
10 41 5
18 37 2
18 33 9
3 36 2
20 24 5
16 46 4
4 8 9
2 18 9
25 36 7
30 45 5
21 131 75
1 19 5
11 13 6
6 17 6
3 17 6
14 19 2
7 15 4
5 6 10
10 21 2
4 18 7
2 13 10
8 10 3
5 15 7
6 20 8
7 13 5
1 13 4
1 6 9
8 11 2
8 19 2
17 20 7
5 9 10
1 7 3
6 9 1
3 19 2
8 15 8
1 15 9
5 16 5
2 9 10
4 5 4
8 21 2
18 19 3
4 8 4
18 20 5
14 16 8
12 18 10
2 3 1
2 16 5
13 19 9
12 13 3
7 12 2
3 9 2
12 16 3
14 18 2
4 11 1
7 9 1
16 17 7
3 10 2
10 19 3
15 17 10
8 9 8
1 10 4
12 15 6
2 8 10
15 16 1
13 15 6
11 14 6
19 21 1
4 21 7
14 17 5
6 7 2
3 21 5
9 15 5
9 11 2
2 12 8
10 17 5
6 18 4
4 9 2
3 20 10
3 12 2
6 15 9
9 20 6
4 10 6
1 16 4
6 14 4
1 11 9
2 4 8
2 11 9
11 18 9
9 10 9
11 19 10
1 14 8
10 12 6
5 11 5
14 20 7
1 2 2
10 13 4
4 12 8
15 19 10
5 19 1
9 12 9
1 8 9
7 18 4
5 21 2
4 20 2
19 20 3
16 18 5
7 17 9
9 18 7
10 20 1
9 13 4
8 14 1
16 19 5
7 14 3
6 8 5
16 20 2
7 19 3
4 13 10
6 16 1
4 15 9
5 18 4
6 11 2
2 5 10
15 20 9
7 20 8
2 18 1
9 19 5
15 18 3
7 21 3
13 18 4
8 12 6
2 19 3
6 12 6
1 20 1
13 16 10
3 18 6
1 21 6
6 13 7
3 15 8
9 14 10
11 21 7
8 20 4
2 17 6
12 23 52
5 12 10
6 10 5
5 7 6
9 11 8
4 5 3
3 5 4
9 10 3
5 8 6
4 11 5
3 8 10
11 12 7
4 6 8
6 7 8
5 9 10
10 11 8
1 11 9
2 7 3
2 5 1
8 11 1
5 6 4
3 9 7
1 8 4
1 7 4
27 49 180
13 15 7
23 25 10
8 11 9
17 22 7
9 22 5
9 14 9
7 23 5
6 23 9
1 18 6
6 8 2
24 25 5
1 9 10
10 12 5
13 22 2
19 24 1
15 26 2
3 15 3
2 10 7
6 27 6
3 17 10
3 6 3
19 26 4
16 22 8
11 21 5
13 19 6
7 24 3
18 23 2
11 24 4
13 16 4
2 25 3
1 25 10
9 16 1
12 20 3
19 21 7
4 23 4
3 16 8
8 24 8
21 22 10
9 23 8
7 19 4
17 23 6
2 18 7
4 8 4
7 12 1
10 22 9
7 15 6
5 25 9
13 14 3
9 25 6
17 97 91
10 11 7
4 10 6
6 17 4
2 13 6
9 17 9
1 8 7
13 14 6
11 12 9
1 11 3
12 17 3
10 12 4
6 8 8
7 13 7
4 7 8
3 4 3
10 16 10
10 14 8
7 9 10
8 10 10
2 5 8
13 15 8
9 16 2
6 16 5
15 17 8
6 13 5
12 13 1
5 15 2
3 14 9
2 12 5
1 12 10
8 12 1
4 16 1
9 10 1
13 16 8
3 5 3
4 12 5
12 14 4
13 17 2
5 12 10
9 11 8
4 17 1
2 7 5
3 16 1
4 11 2
6 12 5
9 12 10
10 17 5
4 5 8
6 14 8
8 14 2
5 13 10
3 7 1
2 17 4
1 5 9
3 8 7
4 15 8
7 15 7
11 13 9
15 16 2
3 6 4
5 8 9
10 13 4
8 13 8
4 9 8
2 15 1
2 3 3
1 10 6
1 13 7
2 4 10
2 11 6
3 13 4
1 15 3
7 16 3
4 6 10
8 9 4
2 9 4
1 16 1
2 16 4
6 7 5
10 15 10
3 12 3
4 13 4
3 10 3
5 17 7
7 12 2
8 11 3
1 17 3
2 8 5
1 6 8
7 10 2
14 15 5
8 16 5
1 3 9
12 16 4
2 10 7
1 4 1
11 14 4
11 29 23
2 6 8
5 8 7
4 6 6
2 7 5
2 8 7
2 9 2
1 2 7
6 7 10
3 5 4
2 11 8
1 11 4
9 10 6
3 4 6
7 10 4
4 8 10
8 9 10
10 11 5
4 9 10
2 4 10
8 10 3
5 7 8
1 6 7
5 6 5
6 10 6
3 11 1
1 7 7
1 9 2
3 6 3
4 7 7
10 16 177
2 3 10
7 10 10
4 10 9
4 7 9
1 4 2
2 10 10
3 8 9
3 10 3
4 5 6
5 9 10
4 9 3
2 6 8
1 6 2
5 6 1
1 10 6
2 8 4
9 30 162
2 4 3
1 9 3
3 8 10
1 7 9
2 5 1
6 8 7
6 9 1
2 7 10
7 9 3
8 9 9
4 9 3
7 8 2
1 2 9
3 7 8
5 9 8
1 5 3
3 4 8
3 9 6
1 3 5
2 9 3
5 7 7
2 8 2
4 8 1
3 5 2
6 7 5
5 6 8
4 5 4
1 4 5
4 7 1
5 8 5
17 29 112
8 12 10
1 15 3
9 17 4
5 15 5
10 16 8
11 13 5
1 10 2
1 3 10
14 15 8
12 15 10
4 7 7
2 16 5
13 15 1
7 15 7
7 17 7
11 16 1
9 12 6
11 12 3
2 17 9
4 10 8
5 6 1
5 16 8
6 15 6
12 13 10
3 7 6
11 17 9
4 17 6
7 10 7
5 9 10
36 457 38
6 23 6
12 18 4
11 21 10
8 9 6
16 20 10
14 33 7
9 27 8
11 34 8
2 36 2
33 36 7
29 35 2
18 24 1
4 6 9
31 34 10
1 36 3
23 24 4
13 28 5
19 26 4
9 24 7
10 20 10
7 33 10
7 30 3
13 31 8
1 16 9
4 29 10
2 14 8
7 20 4
6 22 5
13 29 6
6 34 8
3 15 7
3 26 9
5 19 9
20 31 6
11 14 7
6 11 10
19 27 4
18 20 1
10 21 5
14 28 9
1 18 5
15 30 1
7 13 7
10 31 9
26 34 5
18 33 4
11 25 1
4 10 9
2 27 4
30 34 2
16 35 8
25 34 5
22 24 8
21 30 8
11 12 8
4 36 3
19 23 8
1 35 5
11 26 3
15 23 4
2 24 2
31 33 9
1 31 4
12 32 10
5 22 7
19 33 1
27 30 10
9 17 1
8 21 8
1 8 3
24 27 6
7 10 8
10 15 2
6 21 5
12 28 1
6 19 9
15 19 9
13 24 7
5 30 7
5 20 8
6 27 3
10 33 3
14 36 4
1 28 5
16 17 9
7 19 2
3 20 10
7 25 5
18 23 8
18 34 5
15 17 10
4 27 8
11 18 3
12 36 7
11 22 8
12 17 1
19 36 10
7 16 10
25 26 7
15 35 8
16 22 5
32 33 9
31 36 2
26 35 1
6 13 10
4 33 8
22 28 1
18 32 4
7 28 2
1 9 7
10 13 1
28 35 1
8 27 4
9 13 9
3 21 2
9 31 8
1 27 10
3 25 9
15 16 5
26 30 1
6 16 8
8 15 8
6 18 10
2 17 4
30 36 2
27 34 5
14 17 4
4 5 6
20 21 1
26 32 10
18 22 5
20 35 8
10 28 9
12 15 7
7 12 4
6 35 2
3 32 6
2 5 6
15 32 3
8 28 2
3 33 10
20 28 2
33 35 6
14 25 4
18 25 3
6 7 10
1 20 7
4 21 7
14 27 8
6 14 6
5 9 9
17 34 9
25 31 7
17 36 4
14 26 3
3 14 4
21 34 3
4 7 5
12 14 5
1 14 8
20 23 7
15 22 4
5 32 7
17 24 5
8 25 9
25 32 3
2 3 10
13 16 6
8 20 6
12 22 6
9 32 8
29 32 10
4 25 5
5 11 8
4 35 4
5 35 9
3 8 1
13 36 1
12 20 4
6 17 2
23 25 6
4 13 4
7 34 9
2 29 7
28 29 2
2 23 7
4 8 8
17 26 6
2 16 6
1 24 3
27 35 8
3 36 6
29 30 6
3 6 10
6 10 2
14 23 1
15 20 8
22 23 3
4 23 2
13 33 9
8 30 9
9 15 6
16 25 1
7 32 9
20 25 3
21 25 10
14 21 2
16 21 4
15 27 4
1 5 9
28 31 1
3 24 6
3 22 9
1 26 7
6 9 3
8 26 3
11 24 9
6 25 2
17 19 5
7 9 5
6 24 4
5 16 7
9 33 2
18 29 10
5 10 7
4 20 5
5 36 9
12 26 5
16 19 8
8 29 6
3 9 10
17 32 4
17 27 1
10 14 10
29 34 6
28 36 1
7 27 8
14 19 10
13 22 1
7 29 7
4 32 4
25 28 7
26 33 7
13 20 1
21 36 6
10 30 10
28 34 8
13 27 9
21 22 3
16 33 5
1 32 6
30 31 6
24 29 6
19 29 3
16 18 10
7 26 8
5 29 10
25 35 2
10 23 9
9 22 5
12 33 9
8 23 2
3 28 7
5 7 7
5 6 4
7 21 8
2 33 10
10 24 4
19 28 3
17 30 3
6 32 2
7 36 1
6 28 7
17 25 6
31 32 5
6 36 8
20 27 5
14 35 2
16 36 9
1 6 2
25 33 2
20 22 2
21 29 5
5 26 4
8 12 4
3 11 8
8 11 7
10 19 9
25 36 6
9 35 7
8 18 6
2 32 9
1 21 4
9 23 8
22 34 2
2 7 10
4 17 7
16 23 5
11 13 1
16 28 1
13 17 5
4 16 10
22 25 2
3 13 10
22 31 10
4 12 7
2 19 1
16 24 9
5 13 2
17 23 5
17 28 5
20 34 1
26 27 5
16 27 9
4 14 3
5 8 2
17 31 4
15 18 1
6 31 3
3 18 3
15 36 5
10 35 5
8 10 6
11 15 7
1 33 2
16 34 3
2 21 7
1 30 2
8 36 7
23 28 10
3 7 8
5 25 9
23 29 4
4 31 10
9 11 3
21 32 2
15 29 1
24 28 9
5 27 1
29 36 5
11 32 6
26 28 2
13 26 7
14 18 2
3 12 4
11 35 2
5 28 5
6 33 6
10 16 4
1 25 2
9 25 10
20 33 1
24 26 4
6 15 5
23 27 8
8 32 8
11 29 4
18 27 5
3 17 1
12 29 3
9 36 1
3 34 3
12 27 4
31 35 8
6 30 2
13 15 8
28 30 1
1 12 8
10 11 2
6 12 7
12 19 10
27 31 1
10 25 3
5 15 10
7 35 7
22 29 6
2 31 9
7 11 2
13 19 5
7 24 4
13 23 3
24 25 3
8 31 8
1 13 5
21 27 6
5 18 5
2 4 9
4 15 3
1 2 10
8 35 9
9 26 10
30 33 8
21 23 7
18 26 1
13 35 1
2 11 1
12 21 5
16 31 10
9 18 10
32 36 5
11 36 8
17 18 2
18 35 1
1 7 9
1 34 5
6 20 10
2 8 3
11 27 2
2 9 2
30 35 7
7 22 6
6 29 3
21 35 9
24 33 1
20 32 6
7 31 9
14 34 5
27 32 4
9 28 7
19 20 7
9 34 4
21 24 5
2 26 3
23 36 6
4 19 9
14 31 6
21 28 7
2 10 5
21 31 10
17 29 5
24 32 10
23 31 2
3 31 2
4 11 1
2 30 9
2 15 7
12 34 6
24 36 9
27 36 8
10 22 1
19 34 8
12 13 10
10 29 10
22 32 2
27 33 1
15 21 1
19 32 9
5 33 5
21 33 2
10 36 8
22 33 4
10 26 2
29 31 4
18 31 1
26 36 1
22 27 6
15 25 2
8 15 163
2 3 8
3 4 9
4 7 3
5 7 6
2 7 1
2 4 7
1 2 1
5 6 5
6 7 7
2 5 6
4 8 6
4 6 4
1 6 6
2 6 1
1 5 5
20 149 4
7 17 4
7 15 3
17 18 3
9 13 8
1 15 3
7 20 8
5 12 7
3 8 3
11 18 7
11 19 4
15 18 4
5 6 3
1 12 7
2 6 6
17 20 7
11 16 8
9 17 5
9 16 5
3 17 1
4 6 3
9 15 3
9 19 7
4 8 2
9 11 5
5 20 6
9 10 6
5 15 9
12 15 4
1 8 9
12 14 3
8 18 4
11 20 10
1 4 8
13 19 7
3 7 2
1 6 5
17 19 7
7 14 6
4 5 6
1 17 5
10 17 4
16 19 3
10 20 8
6 17 3
8 11 4
4 11 8
19 20 3
18 20 1
4 16 8
2 15 9
4 12 1
9 14 9
13 15 3
6 14 7
3 10 10
7 13 1
2 7 5
16 17 8
8 9 7
12 19 6
5 10 4
15 16 4
1 7 1
3 4 6
6 19 10
5 14 7
1 20 9
9 12 6
16 18 10
3 16 6
6 11 8
1 13 2
12 13 7
5 11 3
1 10 7
8 10 6
7 19 1
1 5 10
1 11 9
5 8 8
4 10 5
11 15 3
6 10 10
16 20 4
4 13 6
6 20 1
8 19 6
8 13 6
2 12 7
2 16 3
5 18 5
7 10 1
7 11 10
2 10 6
2 4 9
2 13 2
1 14 6
5 16 1
10 16 7
2 5 1
2 17 9
2 11 6
14 18 8
3 5 10
3 15 1
5 9 6
10 15 9
4 9 10
4 14 10
2 18 10
8 20 6
6 7 2
3 19 1
1 19 1
11 13 10
3 9 9
3 13 4
13 14 3
3 14 8
18 19 10
9 20 10
8 14 8
6 15 5
7 9 4
12 18 8
3 18 2
3 6 10
8 15 2
13 20 4
11 17 3
2 14 8
11 12 8
2 3 10
5 13 6
4 18 6
9 18 5
5 19 8
13 18 3
14 19 7
13 16 2
4 15 9
1 2 7
1 3 9
12 16 5
12 17 3
6 18 1
10 11 2
10 12 6
7 12 4
25 262 128
8 20 7
13 17 8
6 22 6
13 15 10
8 12 8
7 9 5
4 9 8
15 21 9
13 23 5
18 24 9
11 16 7
5 25 2
15 24 8
10 15 5
3 20 8
21 24 8
3 24 3
7 19 6
10 22 8
20 25 10
1 20 10
9 10 1
5 22 8
19 25 6
18 23 6
13 18 10
2 18 10
3 9 10
4 7 1
14 24 7
1 19 3
2 23 7
17 19 9
8 15 4
4 18 6
1 3 6
4 20 5
13 24 9
2 13 8
11 17 7
3 7 8
12 21 6
4 24 4
6 10 6
2 10 9
5 6 2
4 6 10
9 23 9
1 25 7
13 25 10
18 25 8
5 7 9
15 23 4
12 16 4
8 18 7
12 18 10
9 19 9
9 21 8
1 10 4
13 22 4
7 13 6
18 21 1
6 20 3
1 15 4
8 19 1
10 17 3
5 10 10
11 20 9
6 19 1
2 17 7
7 14 3
8 11 5
17 25 4
14 21 6
13 16 4
1 4 4
3 22 6
16 21 8
7 16 1
4 23 7
7 10 6
2 4 6
10 19 6
8 17 4
17 24 7
4 10 3
2 22 9
7 25 9
3 23 9
2 11 2
5 19 7
3 21 8
6 24 8
17 21 10
10 18 7
19 21 6
15 19 10
10 25 8
9 15 3
3 4 1
2 7 6
1 16 5
5 11 7
11 23 9
11 14 7
9 14 3
11 13 3
1 12 3
5 20 4
5 17 2
15 18 8
5 14 6
4 5 3
3 19 1
4 8 1
2 24 7
7 15 7
11 22 5
10 12 6
1 11 1
7 18 5
7 20 4
5 23 7
4 25 9
2 8 1
3 25 9
14 16 10
7 23 4
2 9 2
4 12 1
16 24 5
3 5 1
9 17 8
2 15 4
4 19 6
18 22 9
17 22 5
2 25 1
9 11 7
12 24 10
8 22 4
9 24 8
8 23 9
1 24 5
12 19 10
15 25 7
10 20 6
6 7 3
5 18 2
17 20 3
4 14 7
12 15 4
2 14 7
1 2 6
3 17 9
13 14 5
1 23 8
1 8 1
6 14 6
10 14 2
5 21 2
2 12 6
23 24 5
1 21 8
1 18 3
19 22 5
3 15 8
19 24 10
9 13 1
6 18 6
19 23 3
6 13 4
9 25 3
20 22 2
7 11 4
1 14 2
2 16 10
6 15 5
18 19 7
16 17 2
23 25 8
3 6 3
4 22 3
16 25 2
2 19 3
3 12 7
21 23 10
22 25 7
5 15 3
17 23 2
9 22 5
7 12 4
21 25 6
12 17 2
7 17 10
4 11 3
16 18 9
8 16 7
20 21 6
12 23 6
15 20 4
2 5 8
12 20 10
3 13 10
7 24 7
16 19 7
17 18 1
2 21 4
14 25 6
5 13 8
8 25 3
15 17 1
16 20 7
2 20 10
14 22 5
5 12 8
5 8 1
5 24 10
5 16 6
4 13 4
8 14 7
12 14 10
24 25 10
11 18 5
1 17 5
8 9 5
16 22 10
11 24 4
6 23 3
11 19 7
1 6 6
2 3 8
11 21 5
5 9 9
22 23 6
6 17 4
4 21 3
15 22 4
8 10 2
13 21 1
16 23 1
9 18 9
4 15 8
3 14 7
6 21 10
14 18 8
14 17 7
7 8 5
6 12 10
21 22 4
9 20 2
8 21 4
3 16 10
12 25 2
1 22 1
18 20 7
10 13 4
9 16 10
7 22 4
13 20 3
19 20 6
14 15 1
10 15 197
5 7 9
2 10 10
5 8 8
3 7 10
3 4 5
1 9 1
5 10 10
6 10 8
6 8 4
1 4 7
4 7 1
9 10 1
7 9 4
3 5 5
1 10 7
22 31 26
19 21 1
3 16 9
5 17 6
13 17 2
6 10 8
7 11 1
3 15 10
2 15 1
5 14 4
9 12 6
5 18 2
2 16 8
14 15 2
2 8 4
6 11 8
8 16 6
1 13 1
7 9 6
9 17 6
2 4 8
14 20 8
10 11 1
1 22 5
2 20 9
15 22 6
9 18 7
4 11 7
5 19 2
2 18 6
5 7 6
9 21 2
33 41 12
5 7 4
17 23 9
3 8 4
27 32 10
18 33 7
10 14 3
15 24 9
1 30 7
6 9 4
12 23 6
9 13 5
2 20 6
11 15 2
11 12 4
5 31 8
16 17 8
22 27 5
14 15 7
21 27 7
18 20 4
9 14 5
20 29 7
20 21 2
7 17 6
15 23 6
10 23 2
9 30 3
13 22 10
4 17 5
3 23 6
16 22 9
20 31 8
16 28 9
23 29 3
19 23 4
14 33 1
26 30 4
14 17 5
14 23 5
13 25 8
20 30 9
18 43 59
2 18 3
15 17 1
3 5 3
10 12 2
11 16 3
5 14 4
5 9 6
1 7 3
7 9 10
14 16 6
16 17 7
1 15 5
4 15 6
5 7 6
8 16 7
6 15 10
6 18 9
1 10 7
8 18 9
10 16 1
13 14 6
10 18 7
6 17 8
1 14 2
8 14 5
3 9 1
1 9 2
10 17 7
3 14 9
14 18 3
11 13 4
3 11 7
6 9 9
5 11 5
7 18 3
1 8 4
11 18 9
7 17 3
1 4 10
8 15 3
6 10 7
1 18 9
4 17 4
16 20 100
2 3 10
3 12 1
7 9 9
9 15 1
1 3 7
2 4 4
2 6 10
5 11 9
15 16 9
10 15 5
4 6 1
4 8 10
1 6 7
4 13 7
1 9 8
5 16 8
8 16 1
12 14 6
1 8 1
13 15 6
28 187 135
3 28 9
5 15 6
3 13 7
18 27 5
13 14 4
5 24 4
3 25 5
21 23 9
2 4 3
9 19 1
12 23 9
8 18 7
16 26 8
23 26 4
7 14 2
2 25 6
2 11 4
9 24 4
9 23 3
2 24 4
11 15 5
26 27 2
12 22 4
24 25 9
3 23 4
5 26 5
14 23 5
9 22 2
23 25 2
1 23 6
5 9 3
18 26 5
19 28 3
4 6 3
2 16 3
19 20 10
7 10 7
3 17 2
17 28 1
5 7 4
14 15 10
11 26 2
1 27 7
7 25 1
22 25 5
17 22 2
5 18 6
5 14 4
6 14 2
9 25 10
2 8 7
7 26 4
24 26 5
4 21 8
8 24 7
11 24 10
13 20 4
13 15 1
17 26 7
6 23 10
16 21 10
4 5 2
15 22 4
20 23 8
25 28 3
9 16 8
5 16 8
8 15 1
3 20 6
1 12 1
8 27 1
1 9 7
1 5 4
17 25 6
10 17 6
18 23 8
13 16 9
15 27 2
10 25 2
8 20 10
2 19 10
12 24 4
16 27 9
13 28 2
1 8 5
16 20 10
23 27 10
8 19 7
24 28 10
6 26 1
5 8 5
20 22 3
12 28 1
8 13 4
10 27 9
21 28 1
11 12 4
22 24 8
7 18 10
2 14 7
7 24 5
11 27 4
11 28 7
11 20 4
13 21 5
12 17 1
10 23 7
13 26 3
14 28 3
23 24 6
13 18 5
12 14 1
9 14 8
21 22 10
20 25 2
12 13 3
19 27 7
17 20 4
10 24 7
19 22 7
4 10 8
6 9 7
14 27 6
22 26 10
13 17 2
16 25 7
3 15 1
9 27 4
17 21 8
2 9 7
20 24 4
9 12 4
15 23 4
8 21 4
19 26 2
6 24 5
1 14 5
2 13 7
2 28 6
4 28 7
5 13 5
14 20 3
9 21 2
6 19 8
11 14 1
17 19 3
1 16 5
8 12 2
5 12 2
8 14 9
14 26 9
6 18 1
6 10 4
4 26 6
3 9 1
10 26 6
5 28 6
4 16 9
9 15 4
3 19 4
12 25 4
9 13 4
6 7 8
3 7 5
6 20 8
5 19 2
4 23 9
11 18 5
27 28 1
3 10 2
6 12 7
7 17 1
9 28 4
1 6 2
1 26 7
9 11 2
3 14 3
26 28 2
12 20 7
5 27 7
20 28 8
4 18 8
12 27 2
11 25 9
8 23 6
9 17 1
7 22 1
24 112 68
3 19 6
11 16 5
6 22 7
14 20 9
11 23 5
2 4 2
11 22 4
7 16 4
5 6 4
9 11 1
10 24 7
3 15 3
5 17 6
7 9 3
9 22 2
2 18 6
15 20 9
20 24 5
2 23 8
5 18 10
6 24 7
18 24 4
10 14 2
18 21 8
1 15 5
4 21 2
1 8 7
13 20 1
6 15 3
4 11 2
6 23 3
21 24 1
3 6 8
14 16 8
11 19 3
6 8 4
4 15 4
7 8 2
21 22 7
5 16 2
4 13 8
3 13 8
10 20 10
8 21 1
12 15 7
3 18 2
1 22 2
6 11 2
4 5 5
3 16 1
1 10 10
1 6 3
17 22 2
15 23 7
2 3 7
4 23 6
5 12 2
12 21 10
5 20 4
6 16 7
8 11 1
18 19 4
5 21 10
9 14 7
10 18 8
14 24 3
20 23 5
13 14 4
1 13 3
12 23 2
16 22 1
4 18 6
16 18 9
14 15 6
8 22 2
5 8 10
15 24 3
4 24 9
8 13 7
4 16 6
16 21 5
9 20 8
4 9 3
21 23 4
14 18 4
15 19 10
2 9 4
1 12 1
18 23 3
8 10 2
2 21 9
3 14 9
7 15 5
7 19 4
8 24 5
2 11 2
9 24 10
14 22 6
3 7 3
10 11 1
16 24 8
19 21 10
4 22 4
14 21 10
12 22 7
4 7 2
5 10 5
16 20 4
6 7 6
2 14 1
15 17 8
4 14 8
50 49 200
1 38 10
31 40 10
39 49 10
16 38 10
12 13 10
34 39 10
6 10 10
11 23 10
3 25 10
20 32 10
44 47 10
22 46 10
25 40 10
17 44 10
10 32 10
27 33 10
25 28 10
8 37 10
4 31 10
13 23 10
5 42 10
22 40 10
15 42 10
9 41 10
4 19 10
1 32 10
17 38 10
17 21 10
13 14 10
45 50 10
26 39 10
8 39 10
7 27 10
38 50 10
1 8 10
16 30 10
16 33 10
12 31 10
13 18 10
24 38 10
17 35 10
24 43 10
24 41 10
12 17 10
29 43 10
2 25 10
17 48 10
22 36 10
32 42 10
34 54 190
16 27 5
7 15 4
5 18 5
9 20 3
17 34 1
1 33 7
1 8 10
10 31 3
19 27 10
12 13 5
5 21 9
3 21 6
10 20 3
1 31 3
3 29 10
9 28 10
3 16 5
15 27 9
2 20 2
22 29 2
22 27 7
9 26 7
4 9 10
14 21 6
8 13 8
1 25 7
10 21 10
13 24 7
13 23 7
20 26 3
6 19 8
4 5 5
23 26 6
17 32 5
5 32 10
11 31 4
21 34 2
9 22 5
7 19 3
11 28 4
13 20 6
18 26 2
3 13 2
3 20 7
4 30 10
2 6 3
7 21 9
24 29 1
16 25 1
3 18 10
29 31 6
7 18 10
23 27 9
6 21 5
46 600 176
14 45 8
5 9 8
10 14 3
6 28 2
24 45 5
9 32 4
19 33 5
6 38 6
2 5 3
2 7 5
9 10 5
8 41 1
1 21 10
6 23 8
38 41 6
18 26 1
5 45 9
33 39 7
2 21 2
4 8 4
14 32 5
19 22 1
3 44 6
37 42 5
32 41 3
11 27 5
10 34 6
22 45 2
30 40 7
13 30 9
3 4 6
22 36 4
26 35 3
14 39 1
1 11 5
30 39 9
8 28 8
22 35 10
15 25 6
29 36 5
14 27 10
1 23 2
17 21 7
3 32 10
1 12 5
13 40 7
28 45 1
1 17 6
20 39 5
31 36 1
4 22 4
13 20 3
5 14 4
7 45 9
22 42 7
4 16 5
7 43 2
12 15 7
9 33 7
11 40 3
11 16 3
19 30 4
14 19 7
10 13 9
12 20 1
5 30 1
12 37 2
5 43 10
15 34 8
3 26 3
18 45 3
15 26 4
14 15 3
31 39 2
27 43 9
7 32 1
42 43 4
7 21 3
1 29 7
3 16 4
1 41 10
23 27 7
42 46 8
13 32 4
17 28 4
13 28 4
19 20 7
2 18 6
23 45 10
10 35 8
4 35 8
1 38 7
5 40 5
26 37 5
27 33 3
21 42 8
6 41 7
21 46 5
3 21 4
15 30 3
18 31 10
13 44 9
34 42 2
2 20 6
33 42 3
19 21 6
4 28 3
11 35 4
4 32 5
4 17 1
16 25 3
44 46 8
10 16 7
35 39 9
22 44 2
26 29 5
9 44 8
6 10 9
17 30 7
5 11 5
19 37 7
16 26 10
7 44 9
10 43 9
13 35 6
1 34 6
38 44 9
14 46 9
27 38 8
29 31 7
9 12 1
8 20 9
9 24 2
7 31 5
7 38 6
6 44 5
18 43 9
22 39 1
29 43 9
12 34 10
23 33 10
9 39 9
6 14 10
12 33 9
12 44 9
11 39 6
11 36 2
4 42 9
1 33 5
27 32 9
27 45 2
6 32 4
9 40 5
12 24 4
22 29 7
6 15 7
25 41 6
11 22 3
4 36 8
7 22 10
11 19 9
25 35 7
39 41 1
2 37 2
14 38 4
18 35 8
7 11 10
5 10 3
22 41 9
2 6 6
7 42 7
26 38 8
41 43 10
7 8 8
25 27 3
3 10 9
9 14 2
6 11 4
21 24 5
27 46 5
13 18 7
31 41 6
9 18 9
4 37 8
25 32 6
19 28 5
40 43 1
3 25 5
2 25 4
19 46 7
18 41 5
20 45 5
12 32 6
7 14 5
28 32 8
19 34 7
15 45 2
24 29 9
20 25 6
39 40 8
18 33 8
15 46 7
37 39 5
23 41 6
42 44 1
18 24 10
8 14 3
33 44 10
36 40 1
32 34 3
11 44 8
6 13 6
35 42 7
28 31 1
9 37 1
7 9 4
8 30 8
20 32 2
1 37 10
7 17 2
1 44 9
29 44 5
17 19 5
22 37 2
19 29 7
26 28 1
15 27 4
19 36 10
31 37 10
38 45 5
4 7 5
12 35 3
15 37 10
21 43 3
27 31 6
14 34 4
7 37 4
19 24 2
40 44 1
6 45 7
35 37 9
12 39 10
13 39 4
11 41 5
12 31 3
1 32 9
28 43 10
22 33 3
15 29 1
26 43 10
18 28 9
13 45 10
11 30 1
14 30 8
25 36 2
20 27 4
33 43 4
21 44 1
3 40 3
8 17 4
20 24 8
34 40 9
2 8 6
1 3 7
10 20 6
25 38 7
3 45 6
23 32 6
24 46 10
2 11 8
2 14 7
38 46 9
4 41 9
16 40 10
11 37 3
9 41 4
2 33 5
9 16 4
2 12 4
6 17 5
24 32 1
5 32 9
28 29 1
13 38 7
12 25 5
15 23 6
17 18 10
29 42 8
2 9 7
13 26 3
31 33 7
3 34 4
26 40 3
1 39 4
12 43 9
7 25 8
17 44 10
6 43 4
33 45 6
22 40 1
12 19 6
21 36 5
8 45 5
10 32 9
32 36 6
26 45 9
32 42 9
11 18 2
17 34 8
8 21 6
39 44 5
3 11 10
4 46 3
13 46 3
33 46 9
13 23 10
5 6 8
29 37 10
4 43 10
2 39 10
40 41 9
21 26 9
14 41 2
24 40 6
2 29 4
18 32 1
15 40 6
3 17 8
30 36 1
31 34 3
11 38 9
28 37 6
12 18 6
3 39 2
8 43 10
1 24 6
4 33 4
17 32 4
23 46 8
2 13 6
10 12 7
1 25 4
9 13 3
42 45 6
18 42 1
5 26 2
21 38 6
1 5 3
23 37 1
17 22 7
6 22 2
23 31 2
7 27 9
16 46 9
8 29 8
31 43 10
35 41 7
6 8 5
16 27 4
30 37 4
17 39 8
5 42 5
25 46 2
19 44 5
9 25 7
1 35 7
10 27 1
3 29 2
26 41 8
12 46 3
34 37 9
2 22 4
35 46 5
17 26 6
18 44 1
15 31 6
5 31 10
15 28 3
16 31 6
14 16 7
17 29 2
39 42 7
6 25 7
5 27 10
31 42 6
9 42 5
2 16 4
7 33 7
7 35 5
2 34 9
7 10 4
33 36 10
11 24 10
5 44 8
25 39 4
18 19 4
8 32 10
31 44 4
5 33 3
3 20 10
31 45 5
10 22 3
18 23 6
7 23 6
26 36 10
18 39 8
17 33 6
21 30 1
21 32 10
7 29 3
2 38 7
13 29 9
8 10 4
16 28 6
40 42 10
26 44 7
36 42 1
9 29 3
39 45 10
14 37 10
19 25 9
14 36 2
9 27 3
32 35 8
13 25 4
3 43 7
24 38 8
12 28 7
3 46 3
26 33 5
20 37 1
17 37 7
11 31 8
18 37 6
11 26 6
19 23 8
6 39 1
19 31 7
28 33 1
23 25 5
19 35 2
31 32 9
4 27 7
24 33 2
3 8 9
23 30 6
1 42 4
17 45 2
10 40 7
30 38 8
22 31 1
18 34 4
25 28 6
20 42 6
3 33 6
33 37 3
14 43 4
19 26 4
20 33 9
10 11 8
1 46 6
6 19 8
29 40 1
5 8 1
43 46 7
18 27 6
1 18 8
13 31 9
6 12 7
17 41 5
43 45 4
32 39 9
8 40 4
17 31 4
11 42 2
16 19 6
22 38 8
6 37 4
34 46 9
30 44 2
16 22 6
13 37 9
1 30 9
6 16 2
8 36 6
37 46 6
13 34 9
19 43 1
24 37 5
26 42 5
41 45 2
16 24 6
8 13 6
32 46 5
34 44 10
3 9 5
27 35 8
23 36 10
1 13 4
28 39 4
34 39 7
9 34 1
15 38 8
10 37 5
20 41 9
20 29 10
15 39 2
40 45 10
21 31 3
34 45 8
16 33 4
22 30 2
5 46 2
26 31 4
31 46 10
20 21 1
7 40 7
12 14 9
10 17 4
9 31 7
15 33 4
4 39 6
11 23 5
18 25 6
10 18 4
8 25 2
24 28 4
11 43 5
16 38 5
27 39 10
4 14 4
18 20 4
25 33 4
7 28 6
32 38 9
32 37 1
20 35 7
25 42 1
7 16 8
35 36 10
2 40 2
13 15 8
36 46 9
9 38 8
29 33 8
31 38 7
20 46 8
24 44 4
20 40 2
8 15 2
39 46 4
23 44 10
27 36 10
2 24 9
4 40 5
26 39 2
43 44 1
4 21 5
13 22 10
21 40 4
14 29 7
21 29 6
21 34 10
13 43 7
1 19 8
2 36 6
20 44 9
41 44 9
28 30 4
12 13 10
37 45 7
16 44 3
15 32 6
4 45 4
1 20 10
4 24 1
12 45 10
33 35 1
6 35 2
3 38 2
14 20 9
8 9 7
29 45 2
5 13 9
3 36 6
3 14 8
36 38 8
35 40 6
14 33 3
11 13 8
12 21 2
21 22 5
6 27 2
12 16 10
18 29 6
7 30 1
14 23 2
1 10 9
10 31 5
16 36 5
14 70 114
6 9 4
1 3 4
12 13 1
6 13 5
4 6 9
7 10 9
10 11 7
1 8 2
5 7 4
3 6 10
2 8 2
3 8 4
1 11 10
2 14 10
7 11 1
11 12 3
8 13 7
1 13 7
8 10 6
5 13 2
8 9 6
5 12 4
1 14 6
2 3 1
3 4 1
6 10 5
7 9 10
13 14 10
10 12 9
4 8 6
4 10 1
9 12 2
5 10 7
4 14 2
7 14 2
3 5 6
3 12 6
7 13 3
2 4 2
5 6 3
9 11 3
1 10 9
3 7 1
5 9 7
3 9 5
2 10 6
8 14 4
7 12 9
9 14 10
3 11 7
11 14 7
1 7 9
6 7 8
2 13 5
1 12 1
2 6 7
1 6 5
1 5 10
8 12 8
4 5 6
4 7 5
3 10 7
1 9 3
6 8 9
4 11 5
2 9 8
12 14 1
4 12 1
2 5 4
2 11 8
6 8 65
2 6 8
3 6 5
3 4 1
1 3 4
2 5 5
1 5 2
4 5 6
5 6 3
7 8 31
3 5 1
2 6 7
2 4 8
3 4 8
1 4 10
6 7 8
5 6 2
4 5 7
16 50 193
1 15 1
5 8 2
5 11 2
1 2 3
11 15 1
7 11 3
3 16 5
1 3 3
6 16 6
6 12 6
1 4 6
9 10 3
10 12 7
1 12 5
4 8 1
2 6 4
3 15 2
1 13 10
4 14 10
3 4 4
9 12 1
6 15 1
1 5 1
1 10 2
4 16 2
3 5 4
2 15 7
6 7 9
2 16 9
11 13 1
2 12 2
2 14 1
12 15 8
11 12 10
8 16 4
14 15 7
5 13 2
6 8 8
1 14 6
12 16 4
1 9 5
4 10 4
3 11 4
2 8 2
3 9 9
10 16 3
4 13 8
1 6 5
5 12 9
5 15 10
28 35 24
15 18 6
3 9 3
14 20 9
19 24 5
11 19 4
8 12 9
12 18 4
10 12 6
3 25 3
18 19 10
13 17 4
22 28 1
11 27 6
2 27 7
3 12 8
9 14 1
14 28 6
5 17 6
15 20 10
21 24 3
9 26 9
7 24 9
18 25 3
12 16 10
4 10 10
3 17 1
13 22 7
6 24 4
11 26 3
18 23 4
4 23 9
1 25 4
17 27 3
3 19 2
3 5 4
50 49 200
1 10 2
25 30 6
16 48 6
32 35 8
8 26 10
39 42 4
29 33 4
40 47 3
30 41 3
12 28 4
20 45 7
2 13 2
2 40 10
43 47 1
20 44 6
9 27 4
7 49 2
1 45 9
27 43 7
4 22 3
4 15 4
6 23 7
5 9 6
7 38 10
29 35 5
17 21 3
3 25 2
12 39 10
8 16 4
19 24 3
10 18 8
14 50 8
22 34 6
6 50 2
34 38 7
11 23 10
11 26 7
36 46 10
19 42 9
28 44 5
15 31 1
36 49 3
17 37 8
3 13 4
31 37 10
21 32 10
24 33 6
5 48 3
18 41 1
2 1 200
1 2 10
48 695 156
28 35 2
9 42 7
11 41 6
7 27 2
18 47 3
6 20 2
14 23 5
37 39 7
26 47 8
37 40 6
13 39 5
5 35 2
4 36 8
3 35 8
18 20 9
8 27 8
1 43 7
10 18 5
37 43 3
35 43 6
22 37 5
23 31 5
7 38 1
19 28 9
12 19 9
16 43 2
28 44 6
44 46 5
1 4 8
10 20 8
32 40 5
22 39 10
5 19 8
33 41 10
15 44 8
11 33 7
16 27 10
34 46 2
20 28 1
4 15 4
11 46 7
6 31 3
21 32 3
27 33 5
27 45 7
22 23 2
19 47 8
8 41 4
16 28 9
13 36 10
2 23 7
24 36 6
26 39 6
39 40 10
2 14 9
9 17 6
21 28 4
3 37 5
4 29 8
21 48 4
5 7 7
5 28 6
1 34 10
22 48 6
7 24 8
17 40 2
16 19 4
1 9 7
11 30 1
22 35 2
24 40 9
25 48 6
30 41 9
4 46 10
4 34 4
35 37 1
18 42 5
5 31 2
16 26 7
7 41 7
7 32 7
1 18 4
22 24 3
4 40 6
5 27 9
13 32 2
10 15 7
25 35 4
34 35 4
6 37 5
16 34 5
8 23 1
4 45 5
19 25 5
29 43 7
7 12 8
5 16 3
26 30 6
7 47 1
15 18 9
35 42 9
34 36 7
10 39 2
34 44 4
10 29 3
2 27 3
22 45 10
11 18 4
20 33 9
2 6 7
6 45 6
5 23 10
6 22 6
2 17 2
4 42 10
9 37 8
1 46 5
16 22 6
13 19 6
1 31 5
28 40 8
18 19 6
41 43 9
38 43 10
11 47 7
43 48 6
3 8 9
1 12 5
31 46 6
47 48 10
16 24 9
22 26 3
17 22 9
12 27 2
6 43 4
16 30 8
9 16 1
8 15 9
14 39 6
34 40 10
39 46 5
19 26 2
4 8 6
7 15 6
45 48 3
10 22 7
15 31 9
15 33 6
16 32 8
20 23 3
28 42 5
8 36 5
13 24 7
14 47 10
40 46 5
15 35 10
20 26 1
2 33 3
21 46 10
5 21 6
31 41 5
6 42 10
16 37 4
5 18 9
6 35 5
17 48 6
6 10 5
28 48 7
7 39 2
23 47 10
9 34 6
26 28 7
30 44 3
15 41 7
27 46 6
39 42 4
8 24 6
31 40 6
20 21 4
20 48 3
4 20 3
5 6 9
20 27 5
7 19 10
3 47 10
12 28 10
2 37 1
19 43 9
14 29 7
28 45 1
19 24 2
44 47 8
6 41 4
42 45 8
2 32 10
3 21 4
8 35 7
16 17 1
45 47 7
26 41 3
27 36 6
14 16 7
2 12 6
18 38 2
3 14 2
1 17 8
9 38 8
23 36 7
6 34 5
3 36 6
35 46 9
31 37 8
19 30 9
2 39 9
9 13 1
9 20 2
36 48 3
8 39 9
20 42 3
9 36 10
10 16 5
17 45 8
38 46 1
4 37 6
8 20 3
1 25 6
2 20 9
5 15 9
10 23 4
32 34 2
19 23 4
5 41 4
4 10 3
27 35 1
18 44 1
19 45 1
24 33 5
16 48 8
1 35 1
23 45 7
25 34 1
14 24 4
27 44 8
2 7 4
26 35 3
25 26 9
4 31 1
28 31 5
22 28 1
6 8 3
17 44 3
3 27 4
29 46 9
9 15 7
13 29 4
5 45 10
14 28 6
5 39 4
2 42 6
7 35 7
11 36 7
26 38 5
19 46 1
24 29 6
4 26 7
19 48 1
4 19 9
19 37 9
42 46 10
29 39 7
19 33 8
4 33 6
7 25 6
12 40 6
2 21 6
40 42 5
11 45 9
29 34 8
4 5 10
24 37 6
24 35 10
30 32 5
25 47 6
20 36 1
15 46 5
8 40 2
27 37 10
28 39 7
19 44 6
15 30 2
2 24 2
23 32 1
1 7 8
13 46 10
9 23 6
17 24 8
1 16 4
4 23 2
17 28 9
21 22 3
5 20 9
7 37 5
15 25 10
22 25 1
7 31 8
2 3 3
9 35 5
19 21 5
1 3 4
37 48 5
3 45 2
5 47 6
5 10 1
17 25 9
15 22 8
17 46 2
7 20 7
15 28 8
39 41 10
2 45 3
24 43 7
38 44 9
6 18 8
18 25 5
17 21 1
14 48 9
41 46 6
8 43 7
28 38 10
14 32 4
5 12 7
4 30 3
21 38 8
21 36 9
28 33 2
2 34 4
6 44 4
12 47 8
21 26 1
6 39 5
20 24 3
23 41 1
8 26 10
12 18 2
31 34 7
8 48 7
1 20 6
26 32 9
9 41 1
12 17 6
27 39 3
10 25 4
19 34 7
24 45 9
3 15 3
8 31 3
11 15 8
8 29 4
15 24 8
13 23 3
14 30 5
9 25 10
23 43 1
5 17 9
3 41 3
23 42 3
8 34 5
11 19 1
16 33 4
23 48 7
13 26 1
4 21 2
3 31 8
7 17 8
20 32 7
14 18 5
25 46 4
13 43 6
21 40 2
7 40 5
32 36 10
18 31 2
31 47 4
37 41 3
17 32 1
27 38 2
8 45 7
43 46 7
18 27 4
12 31 3
36 45 9
17 35 3
1 8 9
39 45 5
26 36 5
19 42 2
15 23 4
17 33 2
7 22 5
23 34 10
11 48 2
1 33 1
27 47 2
20 34 3
6 12 9
11 27 1
9 14 4
8 11 4
13 38 10
5 24 7
10 27 3
30 43 8
10 24 4
11 25 7
9 33 5
8 44 9
11 12 7
33 48 1
1 45 1
41 42 8
15 42 9
29 37 10
12 26 6
35 45 1
3 16 3
6 19 5
16 21 8
29 38 2
16 29 8
7 10 6
30 31 8
1 10 8
24 26 9
27 41 5
7 18 5
24 39 9
7 23 3
12 29 6
2 43 8
35 47 1
5 44 1
7 36 4
42 44 2
8 16 10
11 20 4
8 21 4
4 32 3
9 40 7
10 42 7
38 40 3
7 13 5
3 17 4
21 33 10
2 40 5
17 30 9
32 41 2
33 42 2
12 21 5
11 22 8
6 13 9
40 44 2
9 27 9
2 46 8
8 12 9
21 43 8
10 44 1
24 44 10
6 11 4
18 29 5
11 43 6
37 45 9
7 14 8
8 18 10
11 38 1
7 48 2
5 38 7
8 33 5
22 47 2
21 47 5
38 42 10
9 31 9
27 42 5
1 47 3
5 34 6
6 48 9
26 33 2
23 33 6
14 44 5
17 42 10
13 27 1
4 48 7
2 31 10
19 22 8
7 8 8
9 29 1
29 32 8
11 39 10
36 44 5
11 14 7
1 48 10
24 31 3
5 46 1
2 47 5
12 22 8
28 37 4
14 34 1
1 29 5
30 42 7
28 34 3
17 19 3
9 24 1
22 33 5
31 42 7
14 26 8
21 41 4
12 20 8
31 39 4
6 23 2
43 45 9
15 29 1
9 19 1
10 38 5
14 42 5
16 40 10
14 20 5
7 43 6
13 42 6
6 47 10
16 42 9
7 21 3
1 23 1
12 39 5
34 47 2
4 9 4
36 47 1
29 33 6
3 4 9
2 48 10
16 36 4
10 28 6
21 30 5
22 40 2
5 14 2
20 43 9
4 35 3
13 25 3
26 27 4
21 27 9
18 35 2
3 13 2
1 36 3
25 30 10
17 26 2
4 6 7
31 33 3
9 21 1
1 13 2
17 36 5
1 21 2
20 30 1
16 44 8
29 47 3
4 14 10
4 18 5
12 48 9
32 44 10
3 25 3
33 37 9
13 41 8
35 44 8
34 42 6
24 34 7
6 25 8
29 35 8
22 41 8
12 46 9
28 29 6
3 38 2
4 39 6
8 46 3
9 18 6
16 35 1
15 26 2
18 22 7
34 37 9
3 44 9
9 22 5
11 37 10
13 30 4
15 45 4
7 44 7
20 29 4
6 36 3
13 15 10
35 36 10
39 47 7
20 39 2
2 11 3
20 44 8
5 25 2
8 38 3
3 34 4
28 32 6
3 33 8
4 17 4
20 40 7
18 41 1
7 30 1
16 25 3
17 41 4
32 33 5
18 26 1
13 18 4
12 32 7
30 34 2
5 8 4
44 48 9
20 37 9
15 39 7
21 39 10
15 34 1
22 44 3
4 47 9
15 40 2
25 40 10
13 45 1
23 25 1
18 39 1
2 26 1
36 40 4
38 39 4
8 42 6
19 39 10
20 35 2
32 47 1
9 44 4
25 28 9
18 28 7
10 30 8
5 37 2
2 41 1
9 48 7
15 27 7
18 37 4
34 39 2
6 17 2
37 38 7
24 38 4
10 36 3
14 40 9
45 46 9
13 33 7
3 40 4
37 44 10
34 41 10
26 37 5
10 19 2
26 44 7
11 42 8
29 44 3
16 47 7
10 21 7
41 47 8
12 38 4
3 39 5
38 48 10
46 47 6
28 30 1
6 26 10
4 43 5
25 38 5
28 47 3
1 24 2
13 48 2
29 36 8
22 29 5
29 30 4
6 30 5
12 13 10
24 28 1
42 47 1
3 22 1
40 43 2
13 37 8
31 38 3
9 45 1
8 19 5
25 45 1
30 46 3
26 46 4
21 35 8
2 25 5
27 43 4
12 14 1
4 44 2
33 35 136
15 17 7
4 18 2
16 32 2
1 4 8
13 25 6
18 20 9
7 24 6
10 18 2
6 33 8
2 30 8
5 23 10
8 27 4
13 23 6
8 17 5
31 33 3
13 17 9
24 33 9
22 32 5
2 19 1
13 33 8
3 24 9
19 26 4
10 21 2
23 32 1
12 18 5
11 16 7
15 29 3
5 20 2
22 28 3
14 25 4
4 13 4
9 26 9
8 24 3
4 24 6
2 24 3
40 70 163
1 27 8
20 32 9
5 38 2
11 37 5
14 18 10
1 35 7
11 20 9
6 14 2
27 38 3
12 19 3
29 32 6
7 18 8
16 27 3
17 40 5
4 13 2
11 27 1
6 31 3
10 37 5
24 33 4
17 19 5
4 9 10
16 34 8
7 36 7
2 26 7
10 33 7
25 38 9
8 17 1
28 38 2
17 20 7
24 27 1
6 18 8
7 14 9
10 15 9
2 39 1
21 25 9
7 37 10
18 35 6
13 34 2
12 22 3
4 37 1
12 25 9
21 24 4
12 15 5
11 31 6
8 26 1
5 29 10
6 24 4
9 23 10
20 28 1
5 8 1
14 28 2
23 36 10
20 21 9
9 11 2
11 17 3
24 35 7
16 21 6
17 31 10
6 40 3
2 18 6
14 20 6
13 33 1
15 25 5
20 35 2
3 25 10
5 27 6
12 23 9
33 39 7
1 36 9
15 30 4
31 40 198
20 21 2
1 16 7
2 29 9
6 17 6
2 30 3
3 13 5
2 24 5
10 31 3
4 19 7
2 9 7
1 22 7
22 24 8
13 25 1
14 27 3
22 23 9
8 11 8
1 5 1
15 24 3
14 20 10
13 26 4
3 7 10
10 15 1
10 17 5
12 14 4
9 25 8
8 26 2
3 17 5
24 28 7
1 18 3
13 22 7
14 15 2
5 11 10
14 29 6
4 30 4
3 22 6
15 19 10
3 6 2
7 29 7
4 18 1
13 20 9
44 946 126
7 8 9
21 23 7
11 26 7
7 43 8
7 29 4
5 18 2
17 20 10
15 44 8
17 30 8
3 15 9
27 34 9
30 44 10
11 30 3
21 25 10
37 43 4
3 24 10
9 41 7
4 23 3
19 40 2
22 27 8
37 42 1
16 40 2
4 27 3
13 14 5
11 23 4
26 30 3
12 31 3
32 43 9
15 26 9
1 28 6
24 25 8
28 36 8
1 7 6
3 38 2
13 21 2
7 10 9
5 10 9
36 43 7
12 42 1
10 29 1
5 43 6
2 20 9
4 32 4
34 42 9
4 40 9
8 10 4
10 25 6
18 37 1
30 43 2
19 23 10
2 36 10
24 28 8
32 40 6
16 31 10
27 35 9
7 18 5
26 27 2
2 9 10
5 12 1
32 38 9
15 28 8
12 32 8
1 41 1
4 20 10
3 9 9
24 44 6
10 32 10
13 19 7
2 33 1
20 26 3
6 39 1
25 26 1
18 28 4
2 34 4
2 24 6
9 34 3
21 41 8
9 36 9
25 29 3
1 21 7
10 19 1
5 17 8
34 41 8
28 40 8
8 12 5
14 42 10
5 44 5
12 30 7
7 25 9
1 15 5
6 16 7
13 41 7
12 20 7
25 42 4
27 38 7
34 37 7
2 7 1
31 37 10
9 12 5
6 8 6
17 32 7
8 41 6
23 29 2
31 39 7
2 23 2
19 26 10
9 17 1
24 35 1
6 38 8
1 32 6
20 30 4
11 18 4
34 39 2
5 42 9
33 39 8
10 34 6
9 10 9
17 24 9
15 17 8
9 22 2
24 43 9
25 43 5
16 25 10
5 15 4
24 39 4
8 26 7
16 18 7
28 43 6
13 32 3
4 30 2
1 26 10
16 24 9
9 13 10
19 29 10
19 43 2
25 28 4
8 30 8
7 32 3
27 29 10
37 41 7
7 44 9
20 38 2
13 26 9
26 33 2
4 15 9
30 41 6
2 21 7
6 27 7
5 19 5
9 38 4
12 27 5
21 34 3
27 28 5
5 38 6
30 35 5
32 35 1
21 43 3
15 19 1
1 3 7
19 34 1
4 38 4
19 31 6
3 39 10
4 42 8
2 26 3
3 26 6
38 41 5
29 34 10
31 40 9
13 25 3
10 16 3
23 32 1
23 41 8
11 44 9
9 14 6
27 31 8
17 38 4
15 35 1
9 31 5
38 39 5
3 35 6
10 44 6
11 41 4
2 42 8
8 29 6
9 39 2
3 29 9
7 24 3
26 40 8
33 41 4
37 38 7
39 41 3
16 39 10
4 14 8
3 19 6
18 27 2
11 13 1
4 33 10
11 15 9
11 14 8
1 4 4
12 13 5
11 33 5
6 40 4
21 36 7
9 44 10
9 32 8
1 12 9
8 40 9
7 41 6
6 42 3
1 36 7
35 41 10
20 33 4
5 35 1
26 43 2
5 28 9
35 43 3
19 32 10
17 35 9
19 44 10
16 33 6
19 37 9
15 27 6
3 36 7
20 43 4
26 28 3
13 40 5
1 24 3
8 16 1
38 43 9
9 42 8
30 42 4
7 26 9
29 30 3
6 15 4
40 43 10
25 36 4
15 43 9
26 37 4
5 33 2
24 34 10
4 8 10
41 43 2
8 23 10
21 44 6
34 44 8
2 16 3
19 24 6
8 15 9
12 14 3
34 40 4
17 18 8
22 28 6
14 39 2
3 7 4
21 27 6
20 28 2
15 37 7
27 43 6
8 39 4
10 40 8
7 34 8
11 16 4
13 38 5
43 44 7
16 29 10
36 37 7
41 42 7
12 21 6
12 38 6
10 26 2
12 37 8
23 38 3
18 41 3
14 22 4
18 23 6
13 34 7
11 42 4
17 43 10
23 36 9
1 22 10
31 32 5
26 44 5
35 36 8
31 34 2
10 18 6
33 43 1
9 15 1
10 11 7
3 23 7
7 38 4
9 27 5
27 42 1
3 17 10
6 37 8
35 39 10
2 5 2
10 38 9
18 26 2
16 28 8
6 17 3
30 36 9
8 9 1
42 43 9
1 11 7
15 33 5
9 43 9
3 33 2
6 33 4
5 37 8
7 28 1
21 42 8
3 12 4
20 25 10
13 27 2
11 28 3
17 19 10
11 27 8
2 3 6
7 30 3
18 44 5
22 29 1
2 39 9
27 44 2
23 34 10
13 43 2
33 35 2
33 44 9
14 29 3
10 35 8
7 15 1
30 38 4
20 29 4
29 41 10
14 33 7
10 36 9
7 42 2
16 30 2
5 7 9
15 41 5
25 33 7
6 25 10
25 39 9
29 43 3
3 18 6
11 43 9
30 40 3
5 39 4
2 29 2
29 44 5
14 15 8
9 23 6
16 35 4
29 42 5
22 34 6
15 40 5
4 24 1
29 35 7
2 40 7
6 43 1
11 21 8
12 40 10
18 24 9
3 20 3
9 37 8
18 42 2
22 33 7
19 39 8
15 18 7
9 18 1
4 35 7
7 40 1
10 41 10
4 7 8
7 13 6
12 34 3
2 6 2
6 22 10
12 16 10
8 22 4
6 11 6
9 33 3
13 16 8
37 44 9
20 34 9
21 22 10
14 27 8
23 39 7
18 38 10
39 42 1
34 35 4
25 40 3
20 40 3
14 16 3
13 35 5
3 16 1
18 31 6
2 30 8
27 33 10
21 32 10
18 36 1
18 29 6
5 20 6
9 25 9
13 17 10
8 43 4
3 30 10
3 44 1
2 25 6
4 26 1
16 38 4
13 39 5
14 38 4
28 38 5
7 19 10
17 37 9
4 43 6
22 43 3
6 18 8
24 30 6
24 26 7
20 35 4
4 29 1
36 40 10
1 34 4
9 11 10
6 35 7
20 36 7
22 32 1
23 27 5
16 36 8
23 33 10
6 32 10
4 44 3
5 31 1
11 37 9
13 28 6
2 37 5
1 19 3
17 44 1
13 30 1
39 44 2
27 36 2
34 43 2
6 7 2
4 12 8
7 23 6
21 39 5
35 37 3
7 27 7
7 17 8
3 27 6
23 35 9
22 42 2
8 25 7
6 9 8
14 21 4
1 29 10
20 23 10
6 19 6
20 21 7
21 38 3
4 28 3
6 13 7
5 11 2
20 41 10
7 9 7
11 29 4
17 28 5
4 25 4
25 41 10
32 42 5
12 35 7
15 25 2
6 31 4
32 37 5
4 11 6
40 44 6
10 31 2
35 40 9
9 29 10
13 18 9
35 38 10
6 30 6
24 36 8
23 24 6
8 14 10
23 37 10
19 20 7
25 35 8
18 35 4
4 17 5
1 38 7
4 22 8
13 15 6
11 36 10
30 33 7
12 41 5
9 19 1
5 16 8
13 37 7
29 38 9
2 27 4
1 27 10
27 39 1
14 41 1
6 12 8
10 15 8
15 21 2
3 43 4
6 44 4
16 32 2
21 31 3
5 40 8
10 12 3
1 30 1
8 20 4
29 40 8
2 11 7
4 36 8
19 28 1
1 33 3
26 38 7
3 40 4
36 42 9
7 37 8
31 42 4
39 43 2
15 38 8
6 23 6
16 22 5
24 42 4
8 18 2
4 34 5
12 15 1
33 40 9
10 24 10
7 20 3
3 4 3
2 41 5
27 40 10
11 31 10
36 39 7
8 42 10
12 19 10
16 44 4
7 36 4
1 10 1
2 14 2
10 39 5
2 22 7
13 23 9
14 17 4
3 14 2
14 26 1
5 30 2
3 37 10
1 37 7
20 31 8
23 25 2
24 27 1
21 30 8
14 20 3
20 37 5
15 31 4
12 43 5
11 34 9
1 25 10
4 10 1
17 29 10
30 32 6
10 20 7
2 44 7
2 17 4
25 27 3
6 10 2
29 39 10
16 20 6
13 31 10
7 21 7
38 44 7
10 23 4
13 44 10
12 18 2
5 22 5
12 39 8
4 5 3
5 36 3
12 44 3
16 27 9
5 26 2
7 14 4
28 42 4
17 40 5
16 23 5
22 35 10
7 39 5
10 13 9
14 30 4
9 24 3
8 32 10
6 36 2
24 33 8
31 41 2
16 43 10
18 21 4
40 42 4
28 37 1
8 28 10
18 40 9
4 6 3
11 12 9
28 31 7
15 24 2
38 42 9
27 37 1
5 25 3
13 24 2
16 42 5
11 19 2
2 35 4
15 20 3
28 41 9
8 44 5
10 30 4
8 36 2
23 44 6
5 6 4
12 25 8
21 40 5
18 20 1
1 18 10
17 39 9
18 32 6
15 22 3
3 13 7
9 26 8
25 31 4
26 31 6
8 17 1
17 26 7
2 4 9
29 33 10
3 41 4
28 35 6
11 25 3
24 32 4
1 14 6
3 11 3
16 17 5
4 13 8
1 17 10
8 34 10
27 32 8
28 44 9
29 37 3
17 33 10
16 21 9
36 41 5
11 22 7
4 31 10
12 29 9
25 37 9
1 39 5
6 41 8
12 17 2
24 41 3
22 25 10
1 13 8
28 34 3
28 39 9
4 16 6
2 10 9
2 15 8
26 36 5
13 22 4
8 21 6
41 44 2
3 25 4
5 41 3
2 43 3
18 33 1
4 19 5
10 33 4
25 38 10
10 28 5
14 19 1
14 44 1
19 33 10
22 44 1
11 32 5
21 24 6
3 22 6
10 21 6
32 33 7
15 30 8
19 30 3
1 20 10
22 38 4
5 34 6
8 27 8
1 31 3
8 31 4
23 40 9
33 38 7
17 41 3
2 38 6
8 37 10
15 39 10
19 25 1
20 44 7
8 19 7
8 35 5
12 26 4
22 36 1
20 27 7
32 36 2
25 34 7
18 34 8
6 29 6
14 37 2
32 41 1
22 23 2
31 33 2
22 41 6
36 38 10
28 30 5
10 22 6
27 30 8
3 31 3
17 27 3
9 28 9
16 19 4
16 41 1
34 36 3
15 42 7
30 34 7
21 28 1
32 44 1
20 32 3
2 19 7
1 8 5
38 40 2
22 26 9
8 38 9
8 11 3
26 35 1
21 33 8
2 28 6
5 21 8
18 43 10
6 34 1
14 24 9
16 34 6
28 32 6
7 22 4
14 28 3
1 40 5
3 32 4
17 34 10
13 33 10
3 21 4
40 41 10
1 44 4
3 42 5
11 40 5
4 21 10
19 42 9
16 26 8
12 28 9
26 32 10
1 2 4
5 9 1
26 34 6
19 36 3
5 23 6
28 33 3
10 43 3
1 6 6
18 22 7
1 42 1
15 23 9
33 36 7
24 40 7
1 16 10
14 36 6
16 37 9
13 42 6
18 39 2
6 24 7
15 36 6
20 22 2
32 39 6
30 37 10
17 21 9
10 17 6
9 20 10
10 27 8
5 8 6
21 29 7
14 32 10
2 12 1
21 35 10
2 31 9
12 36 1
25 44 5
29 31 6
13 36 10
14 31 7
27 41 8
33 37 6
20 24 3
11 38 2
14 18 7
19 21 10
7 16 2
14 35 6
14 25 10
26 41 8
26 39 3
26 42 9
17 23 10
11 20 3
37 40 9
7 12 9
42 44 3
6 20 9
4 37 5
9 35 5
7 35 7
22 37 5
6 26 1
4 9 9
1 9 6
31 43 5
19 38 1
9 21 2
13 29 6
19 22 4
11 17 6
29 32 9
19 35 6
22 31 10
1 5 7
22 30 7
12 24 3
29 36 8
24 37 1
31 44 9
17 22 5
3 6 10
20 42 10
1 23 1
15 34 8
8 13 8
1 43 1
3 5 8
25 32 1
18 19 4
2 18 9
30 39 1
15 16 10
6 21 6
2 13 7
23 31 6
5 13 1
2 32 7
9 40 2
5 32 2
11 24 2
9 30 5
7 31 6
31 38 6
20 39 10
9 16 7
17 42 1
14 34 9
23 28 3
23 26 8
10 14 5
5 27 3
12 22 1
26 29 5
1 35 9
8 24 6
14 23 7
6 28 8
8 33 9
35 42 5
4 18 6
5 29 7
14 40 4
10 42 9
3 34 7
36 44 9
11 35 4
4 39 2
21 37 3
31 36 2
19 27 10
25 30 8
22 40 5
30 31 3
14 43 2
17 25 10
11 39 7
28 29 5
12 33 1
39 40 9
3 8 1
4 41 7
3 28 5
35 44 10
5 24 9
18 30 1
23 43 4
24 38 2
10 37 3
7 11 5
19 41 9
33 42 6
18 25 5
34 38 6
33 34 1
3 10 1
23 42 6
6 14 10
21 26 3
24 31 8
7 33 4
2 8 7
22 24 9
12 23 7
37 39 10
15 32 8
22 39 10
15 29 2
5 14 5
17 36 5
24 29 3
32 34 7
17 31 10
31 35 3
23 30 10
13 20 5
32 54 177
12 13 1
23 26 4
1 20 3
21 29 9
6 13 7
4 13 6
1 6 7
9 21 6
6 26 6
5 22 7
24 29 2
30 31 2
6 11 10
2 14 7
19 32 2
8 26 10
25 30 3
27 28 3
5 15 3
15 21 9
17 27 4
7 28 8
22 28 2
11 14 2
13 25 10
8 15 1
11 18 4
12 26 7
1 21 8
6 23 9
21 26 6
15 31 6
11 17 3
15 28 4
1 10 1
2 18 6
26 32 7
10 31 4
8 25 7
3 13 7
20 32 8
18 21 1
20 30 1
14 24 1
2 28 8
5 16 6
19 23 2
22 32 1
9 32 5
23 27 5
7 16 10
20 26 10
5 30 3
11 20 6
50 62 200
40 43 6
14 21 7
25 30 3
5 17 1
6 22 7
7 42 3
38 39 7
27 35 5
22 25 9
12 28 1
1 15 3
7 21 5
24 27 4
32 44 6
13 17 5
8 24 3
1 44 2
24 48 6
17 41 2
5 37 6
16 18 2
3 17 2
10 39 1
11 36 10
36 41 9
13 50 7
42 49 1
21 45 7
12 43 6
15 25 4
2 21 10
3 39 8
12 46 10
6 33 3
12 34 9
7 40 9
14 34 2
27 34 6
39 48 1
9 17 9
26 38 6
9 34 2
10 30 2
19 39 5
1 21 9
34 39 10
8 39 8
7 31 4
15 21 3
29 31 5
14 22 3
5 35 6
8 47 3
7 23 10
21 37 2
18 39 4
20 25 9
4 35 2
5 24 9
33 34 10
15 23 5
40 44 10
23 39 62
6 16 2
13 16 4
3 23 9
11 16 7
13 20 7
4 9 2
11 17 3
3 18 5
1 6 2
6 10 10
7 10 1
13 14 9
6 21 7
19 20 8
9 22 7
4 12 10
14 15 2
12 18 1
7 9 2
3 5 5
4 5 5
3 10 6
5 18 3
4 7 2
7 8 2
6 7 6
7 13 3
1 18 8
12 14 3
2 22 3
2 15 9
19 21 6
5 20 2
9 15 7
3 21 10
7 17 8
4 8 9
15 17 10
2 16 6
13 20 147
1 10 5
9 12 6
11 12 4
3 8 6
1 7 10
12 13 2
4 5 7
9 10 7
6 10 9
1 13 5
6 7 10
3 12 5
2 8 10
5 6 1
7 13 8
1 9 8
5 11 6
9 13 8
6 11 5
2 13 3
30 42 113
18 19 5
9 20 5
2 19 1
7 13 10
10 14 5
2 24 1
10 18 1
13 17 7
5 15 5
12 15 5
7 24 2
1 29 8
5 29 2
4 14 2
1 19 5
24 26 8
2 21 2
5 24 7
17 29 2
18 23 6
2 20 4
2 3 5
3 29 8
13 28 2
7 10 10
6 7 9
4 28 7
1 2 1
2 7 6
16 27 5
24 25 3
6 27 6
13 26 6
3 30 7
6 11 3
12 25 7
22 24 9
4 12 9
12 19 1
2 26 9
8 17 8
2 18 5
50 58 78
17 41 3
26 49 1
3 11 9
7 32 2
26 38 2
7 21 8
23 28 5
31 38 5
2 36 7
14 16 5
7 46 5
17 38 4
1 31 5
2 19 4
20 40 8
27 37 9
5 32 3
15 18 5
7 25 9
15 29 6
15 35 2
6 44 1
9 40 5
15 22 4
22 36 9
41 42 3
8 38 4
9 36 5
22 50 5
30 33 1
22 30 4
16 39 3
12 34 7
3 12 2
22 42 8
19 24 10
19 47 7
28 36 6
25 37 4
33 43 4
16 33 9
25 48 7
12 36 5
30 34 1
3 43 3
10 30 3
13 38 1
36 44 10
7 22 5
12 23 2
7 38 9
41 45 2
24 48 9
13 41 8
4 25 1
38 49 5
42 45 3
3 46 8
32 156 138
17 23 9
8 13 5
9 13 10
7 14 2
10 21 3
23 27 5
13 25 6
2 28 3
4 23 2
16 29 2
13 23 8
22 25 3
7 19 2
5 28 3
27 29 3
25 31 8
23 25 7
23 28 2
20 23 6
15 17 1
1 4 7
20 22 7
4 7 2
1 28 5
24 26 3
19 31 10
10 18 4
13 31 10
14 30 1
29 32 6
1 5 4
13 21 5
4 8 6
18 31 6
7 8 6
24 29 4
3 21 1
1 8 5
21 29 10
11 17 7
12 21 1
4 6 1
9 22 9
18 28 10
13 20 8
24 28 5
4 5 6
14 15 4
3 27 8
17 19 7
11 22 4
2 13 8
6 29 9
7 11 8
22 31 3
12 18 8
26 30 3
4 28 5
7 9 8
20 28 3
4 24 7
4 31 5
16 18 9
9 31 1
4 27 10
6 12 10
10 31 7
1 27 5
5 9 3
12 28 8
11 14 2
11 12 3
24 30 5
2 4 2
6 24 5
28 29 5
4 9 7
18 22 9
21 22 1
3 9 9
24 32 7
1 6 8
3 16 7
12 17 1
15 19 10
23 31 4
14 26 1
1 21 2
17 29 9
19 23 6
15 24 4
12 16 10
28 30 10
23 30 4
23 24 2
8 26 7
4 20 5
17 24 6
8 18 7
3 4 9
14 22 8
5 14 6
3 28 1
18 29 1
5 17 4
4 11 10
17 32 5
22 32 3
12 13 2
1 20 2
22 28 4
5 29 4
3 20 10
10 29 1
15 29 6
17 27 8
20 24 7
12 14 9
19 30 10
16 31 6
13 27 5
28 31 4
7 18 7
3 8 4
8 25 3
6 15 6
15 32 3
15 28 9
5 11 5
9 30 6
16 32 4
3 7 6
8 22 3
20 32 3
2 6 9
22 29 6
12 25 7
19 26 3
14 27 1
17 20 10
5 7 1
11 13 4
13 24 8
27 30 5
29 31 10
8 24 5
3 22 1
26 31 2
6 10 1
2 24 8
21 31 4
13 30 3
10 22 1
11 30 5
3 15 1
15 30 8
39 639 58
6 28 9
8 38 3
5 12 2
10 22 9
7 24 5
35 37 4
2 16 3
15 21 1
2 19 3
16 28 3
5 35 8
1 5 1
25 39 6
13 33 3
7 13 5
4 5 9
11 21 2
7 26 10
9 31 1
30 31 2
2 10 5
6 8 6
1 9 9
2 33 7
18 22 6
10 35 5
17 25 4
12 16 1
3 28 9
34 38 5
29 33 7
11 25 9
4 24 5
2 26 1
8 30 1
19 39 6
25 35 8
4 21 4
2 37 10
1 36 2
6 17 2
17 33 1
9 19 5
18 19 6
16 31 5
15 32 3
2 21 3
28 36 6
4 36 4
27 34 9
4 13 4
5 38 4
9 29 10
4 39 3
4 15 1
1 12 1
30 34 7
24 38 10
14 39 4
19 35 2
22 27 6
11 17 3
12 38 6
12 17 8
34 35 2
4 17 7
25 29 9
23 39 2
5 14 8
14 31 1
17 28 10
2 12 5
11 28 3
17 35 9
3 17 1
12 30 10
8 35 6
5 26 10
31 34 10
5 13 8
18 32 4
4 6 1
7 27 2
4 34 1
17 32 7
13 31 5
15 23 4
1 19 10
13 17 1
15 39 8
4 22 4
36 39 4
6 32 1
5 30 5
15 38 6
18 38 1
6 34 5
8 37 7
15 20 1
1 17 6
17 27 10
26 39 4
2 15 3
11 31 7
6 39 5
12 28 1
21 24 7
7 12 6
11 19 2
10 26 5
7 16 3
9 16 3
7 10 8
10 11 8
26 36 1
3 13 8
6 29 8
33 39 7
17 34 9
18 33 3
10 29 9
24 31 9
25 26 4
23 35 10
1 34 2
8 20 5
27 38 4
6 31 4
26 28 7
25 27 5
17 38 3
32 38 1
21 27 9
14 17 8
14 29 10
10 13 3
15 31 2
13 34 9
21 22 10
23 25 9
6 25 2
16 33 5
1 39 2
18 25 9
15 17 2
3 5 2
26 27 5
2 25 10
3 18 1
28 31 4
5 8 3
10 18 10
8 9 5
9 15 8
6 14 3
5 31 10
2 5 7
23 37 3
16 36 4
9 23 1
11 26 9
1 15 1
15 33 10
1 32 6
1 22 6
4 33 10
7 19 4
5 9 5
20 32 2
9 36 8
2 28 5
12 14 7
3 34 3
18 37 4
6 19 8
18 28 7
14 26 7
28 34 6
3 19 9
23 26 3
3 7 5
11 27 1
6 22 7
6 9 10
15 26 2
18 29 3
11 29 7
5 15 6
3 9 10
23 30 5
4 8 6
22 23 4
3 15 10
5 11 6
9 30 10
1 33 5
7 18 10
11 32 4
10 37 7
1 16 9
19 33 7
12 32 5
16 25 1
8 17 1
19 29 6
11 37 3
21 37 8
13 27 10
7 23 7
31 38 9
2 32 8
12 18 5
20 31 3
7 14 10
9 34 4
22 39 5
8 24 3
24 25 3
5 39 9
10 32 5
14 38 4
10 38 2
12 20 7
31 39 8
8 39 3
30 33 8
5 22 1
22 30 2
28 30 2
24 26 6
17 21 9
19 24 2
7 39 3
2 6 2
20 27 2
9 24 7
8 21 3
22 31 5
32 37 10
1 10 2
12 15 7
2 11 7
36 37 6
16 22 3
16 20 5
14 33 6
3 20 1
20 38 8
10 27 8
20 24 2
7 21 7
22 37 1
25 28 10
5 34 1
19 23 8
22 38 6
7 17 6
20 23 1
33 37 5
10 23 10
1 35 7
11 23 1
22 32 8
1 24 10
12 19 10
6 36 1
13 35 2
4 7 3
6 10 5
28 29 10
15 35 2
2 20 7
13 20 4
5 24 6
25 33 3
16 30 8
13 23 3
15 29 4
36 38 6
3 10 2
2 38 9
22 29 7
18 30 6
8 11 10
26 29 5
15 36 5
6 12 1
21 39 5
21 34 6
26 38 5
15 28 2
29 37 6
17 29 5
20 36 9
22 36 6
25 37 1
3 31 7
34 36 9
31 32 2
14 24 9
22 35 7
29 34 2
6 18 5
20 35 2
10 39 8
22 24 2
13 18 2
33 36 10
4 16 1
3 6 4
25 30 1
7 35 4
21 26 7
18 34 10
2 35 5
5 7 8
15 24 6
16 32 7
10 14 8
3 26 10
26 35 4
15 16 1
2 7 2
8 31 7
18 35 10
13 37 9
31 35 3
26 34 6
26 32 3
11 14 3
9 12 4
23 27 9
17 26 5
11 34 10
24 33 4
12 35 10
29 32 7
15 19 10
7 15 1
29 39 9
21 33 3
32 34 1
16 17 4
8 23 4
1 18 7
7 36 7
1 28 9
10 28 9
35 36 1
16 29 3
7 29 3
6 21 9
11 18 9
15 37 6
9 18 8
35 39 5
4 28 8
11 20 4
31 37 4
21 29 9
7 37 3
17 39 2
6 16 9
17 30 10
11 39 2
37 39 6
20 25 4
19 36 8
2 4 7
28 33 9
19 37 10
5 23 3
18 20 6
9 35 1
11 22 5
3 14 10
21 36 8
12 26 10
4 10 7
3 29 4
5 18 1
6 15 7
31 33 5
24 39 4
23 29 9
1 8 4
32 36 3
5 27 1
10 30 8
30 35 2
8 33 5
25 38 1
18 27 7
38 39 8
29 35 2
20 37 7
26 30 1
6 27 9
6 26 10
1 2 8
18 31 9
22 26 6
21 31 1
8 14 7
10 31 7
23 31 4
23 38 10
1 27 9
33 35 4
6 37 6
3 27 2
21 30 7
14 15 4
18 23 7
20 22 3
10 17 2
23 32 6
5 36 3
23 28 7
27 37 8
5 16 10
12 25 5
3 37 3
16 35 3
13 26 2
3 33 10
2 27 5
2 13 3
17 37 8
21 25 6
1 21 7
3 22 10
5 17 7
24 30 7
1 14 6
16 23 7
1 29 7
14 25 4
7 8 8
5 29 9
4 23 10
16 19 4
2 30 6
11 24 9
2 34 6
18 36 8
13 21 2
16 21 4
27 29 3
17 22 8
27 35 4
15 30 5
8 10 1
14 28 10
13 36 5
9 20 5
5 25 6
3 39 2
27 33 7
4 26 8
13 28 3
7 11 7
10 15 8
4 38 7
14 27 10
12 27 1
14 36 4
8 36 9
9 26 5
2 3 3
17 18 3
24 27 1
2 22 4
2 29 4
23 33 8
2 18 9
5 20 3
20 29 1
5 6 6
8 16 8
31 36 9
24 36 10
13 16 10
27 30 4
18 21 5
27 36 8
9 33 8
25 31 6
4 18 4
9 10 2
10 12 6
7 34 5
4 35 5
10 16 1
1 11 9
12 24 3
14 21 3
4 31 6
1 3 2
9 28 8
1 6 6
7 32 9
8 25 7
13 22 10
19 26 8
4 27 8
10 34 6
2 8 3
8 19 7
16 39 1
34 39 2
4 37 2
2 14 3
15 34 8
28 32 1
20 33 9
4 12 2
32 33 3
16 37 9
8 32 3
24 28 9
7 25 2
3 23 10
27 32 7
13 15 2
6 11 2
14 19 3
22 28 5
3 30 3
19 28 10
28 39 8
25 34 2
30 32 1
5 28 3
8 28 10
19 38 3
4 25 1
22 34 7
8 26 10
17 20 10
12 39 3
25 32 9
10 24 1
6 33 2
9 11 1
28 37 4
13 24 10
4 19 5
11 16 7
17 31 9
12 36 2
19 32 3
11 36 8
21 35 5
20 21 3
12 29 1
10 20 4
12 37 3
30 37 6
32 39 9
5 10 10
21 28 6
19 31 5
12 13 9
33 38 2
14 37 1
1 13 7
3 35 8
3 16 8
13 32 6
22 25 8
9 37 7
13 39 7
7 22 9
8 13 9
15 22 6
21 23 4
3 12 8
9 14 6
16 26 7
7 20 9
1 4 4
1 38 5
8 12 2
3 36 6
3 21 9
10 21 10
15 25 9
17 36 3
8 29 6
5 19 9
1 26 3
16 18 8
4 14 1
19 25 8
29 30 9
14 20 8
20 30 10
16 24 9
26 33 8
19 22 8
9 17 1
14 23 5
5 21 2
20 26 3
16 34 7
30 38 5
26 37 8
24 34 2
2 23 10
9 39 2
1 37 1
12 22 4
12 31 9
14 35 5
20 39 2
5 37 8
8 27 10
21 38 6
4 20 6
11 30 3
7 33 9
28 38 4
9 13 4
3 32 9
27 31 9
28 35 2
14 30 5
14 16 9
1 31 8
18 26 9
29 31 7
2 36 6
16 38 5
24 37 8
19 27 7
3 4 2
1 7 10
19 30 5
25 176 128
10 20 4
7 24 9
6 24 5
16 23 1
9 13 10
20 21 10
9 12 2
8 16 2
1 17 5
10 15 3
19 22 5
15 21 1
4 20 5
9 11 7
7 19 10
7 9 4
6 25 3
8 25 6
4 22 6
13 19 8
17 22 4
11 23 4
2 17 5
16 24 3
2 25 7
2 19 8
7 25 2
5 18 5
10 13 2
12 13 4
9 16 8
12 22 9
1 25 10
16 18 9
2 12 9
13 22 9
6 18 1
2 21 7
14 25 8
14 21 7
8 14 7
16 20 7
18 23 9
6 22 8
4 5 9
4 9 9
15 18 6
5 20 3
8 20 1
1 11 6
13 16 5
6 14 6
9 17 9
1 20 8
6 16 1
6 17 8
14 20 3
5 19 8
12 15 8
10 25 3
4 18 10
11 15 2
5 22 7
9 10 4
5 9 2
19 23 5
5 6 9
14 17 8
5 15 7
4 13 9
18 24 7
5 14 5
9 25 4
14 18 7
16 21 6
3 18 8
22 25 9
21 23 1
3 19 9
6 7 9
15 24 6
13 20 9
1 15 9
1 6 2
6 20 2
2 9 8
5 23 7
2 5 7
6 21 5
4 11 3
8 21 8
17 23 1
9 20 7
4 23 5
9 14 10
2 4 7
5 11 4
13 21 1
10 18 3
11 21 5
19 20 2
19 21 5
11 22 4
8 12 3
20 24 5
1 3 8
4 15 5
1 10 6
12 25 1
22 23 1
3 20 8
3 16 9
1 7 2
3 22 6
10 21 1
12 21 2
12 14 6
9 19 6
2 23 3
7 18 1
11 18 3
10 24 6
10 11 4
7 14 7
23 24 3
18 20 7
1 12 7
2 8 6
24 25 9
5 21 7
3 14 4
10 19 10
14 16 8
20 23 4
3 15 2
20 22 3
15 23 7
11 12 5
8 11 10
18 22 5
10 17 5
7 16 2
7 12 5
15 22 6
18 25 8
2 15 5
11 16 4
5 8 10
11 24 10
18 21 8
2 11 7
23 25 6
10 14 9
17 19 3
17 20 3
2 10 8
5 16 7
9 24 5
7 21 7
3 23 9
17 21 2
21 22 1
5 10 6
1 21 3
7 15 7
20 25 2
9 15 6
8 22 1
12 18 9
3 5 4
1 23 5
12 16 3
14 23 6
7 22 10
11 25 4
14 24 2
35 46 90
10 35 6
5 28 5
23 30 5
15 17 6
17 29 3
4 31 10
20 32 10
18 35 6
6 30 9
18 31 3
4 32 7
3 14 1
6 17 3
12 31 2
20 26 7
25 27 9
1 19 3
2 10 6
3 6 5
21 35 3
1 25 9
3 26 9
8 10 8
2 30 6
11 33 8
4 6 6
6 12 8
5 23 4
29 32 8
1 4 9
28 29 5
14 16 3
23 24 8
3 16 10
4 22 8
2 17 9
7 33 8
13 17 6
9 15 10
1 23 3
34 35 7
2 14 3
8 22 5
5 10 2
20 31 10
1 11 4
19 27 45
3 17 9
7 10 6
6 13 10
2 7 7
9 10 9
7 14 9
4 5 6
13 17 2
17 18 8
11 13 8
4 9 5
8 13 1
17 19 6
5 19 8
10 15 9
7 17 4
3 14 5
8 12 9
4 15 9
9 13 7
1 8 6
4 12 7
8 10 1
6 15 4
4 18 5
13 16 10
5 16 8
9 23 196
2 6 7
4 7 9
6 9 2
3 4 9
1 8 2
3 7 10
2 8 7
5 7 1
8 9 3
1 6 4
4 8 4
7 9 7
3 9 8
3 5 2
1 2 8
1 5 9
2 5 9
5 9 6
4 6 5
4 9 2
1 3 3
2 7 3
1 7 9
3 3 78
2 3 3
1 2 9
1 3 5
50 188 20
16 41 6
21 44 4
20 29 1
36 50 1
10 15 4
29 45 2
19 31 2
10 18 7
5 33 2
34 47 3
8 41 4
18 38 2
23 50 6
24 41 2
10 39 6
9 29 7
27 50 1
31 43 8
14 38 7
30 35 2
47 49 2
20 49 1
12 49 6
20 46 8
4 15 2
6 40 4
6 14 5
33 40 8
17 45 3
12 31 2
16 28 2
15 21 3
12 29 10
3 33 4
11 34 4
28 44 4
20 44 8
28 36 2
14 50 7
25 49 10
5 44 3
8 17 10
34 36 2
7 14 6
39 41 6
6 15 5
8 23 3
25 29 10
33 35 4
22 38 8
9 49 8
43 44 6
28 46 7
12 27 9
3 16 3
16 38 1
6 23 2
32 47 2
1 3 4
30 33 7
13 48 7
10 19 5
28 50 5
15 38 5
20 28 2
5 25 10
7 9 2
31 48 4
1 34 6
4 12 8
16 47 2
22 45 3
29 43 5
18 30 10
40 42 10
12 42 8
10 12 4
38 41 3
17 22 9
16 17 3
2 26 10
26 47 5
26 43 5
16 49 4
24 32 8
5 9 1
2 19 6
22 32 5
29 44 2
20 21 9
38 39 2
19 22 6
29 31 10
28 34 3
21 39 9
36 43 5
4 35 10
18 42 5
11 15 6
12 16 8
33 50 10
8 32 3
14 21 9
10 41 4
26 34 5
37 38 9
23 33 7
17 33 2
31 32 3
16 44 5
8 20 4
2 35 6
5 37 9
15 28 4
33 47 8
12 36 8
13 41 2
3 19 5
25 26 7
6 13 10
7 20 2
13 14 6
10 27 5
7 30 7
40 44 4
8 34 3
18 41 3
8 39 7
7 28 1
6 28 8
22 37 3
3 47 9
22 23 3
5 26 8
12 17 5
18 47 9
17 35 4
9 24 2
29 39 6
34 49 7
28 49 3
8 21 2
11 28 4
33 34 4
1 33 5
19 28 3
12 33 4
11 36 1
11 45 6
16 21 2
1 28 4
13 22 1
15 32 1
9 19 4
5 39 1
24 39 5
13 34 10
13 36 3
34 38 1
3 20 1
17 34 5
6 19 5
8 9 7
42 46 10
21 24 4
7 47 1
46 48 5
30 50 6
6 8 10
13 24 7
5 47 7
23 24 3
24 34 9
19 35 2
10 28 1
16 45 5
43 49 2
16 23 6
7 21 5
46 50 3
4 22 6
23 38 10
10 44 8
22 36 3
1 39 7
4 20 2
8 16 9
26 48 2
22 43 36
8 22 4
4 22 1
5 8 2
5 6 10
2 19 3
11 20 7
4 8 4
12 15 9
2 18 2
8 9 10
5 12 1
7 15 1
14 15 9
4 19 9
4 5 7
15 16 2
11 16 4
6 21 7
11 21 2
10 18 4
9 13 1
9 19 4
8 19 3
13 16 3
12 17 4
6 18 10
1 12 10
7 11 6
1 22 6
3 21 2
5 10 9
2 11 6
2 22 4
7 20 8
9 10 7
10 21 5
2 5 4
2 21 7
1 4 9
13 20 2
8 18 2
3 10 4
14 21 8
2 1 200
1 2 10
10 13 142
3 9 5
3 7 6
1 9 5
4 5 4
2 3 7
5 6 8
7 9 8
2 8 9
4 7 5
3 10 1
5 10 6
1 10 10
3 4 6
22 96 189
1 15 1
3 16 10
11 15 2
10 13 4
6 21 4
6 8 8
14 17 5
2 13 5
15 18 2
6 20 2
7 15 5
7 17 10
8 14 4
3 19 3
14 21 5
13 15 10
11 13 6
8 22 6
3 14 10
3 6 7
13 16 8
7 19 7
13 18 2
3 9 4
11 21 1
9 19 5
3 15 2
5 6 9
1 3 1
5 7 4
3 13 8
7 13 2
16 21 6
17 18 1
4 11 4
13 19 1
4 8 2
14 20 7
10 16 6
7 21 1
6 12 3
12 18 5
6 19 1
5 14 1
13 14 3
2 17 5
3 12 1
3 18 3
3 20 2
1 13 6
7 8 10
5 13 2
15 22 4
4 19 9
4 14 3
2 6 1
8 17 5
21 22 7
2 8 9
7 22 2
6 9 7
16 22 1
2 4 9
2 19 2
5 21 2
1 16 6
10 11 5
12 13 7
3 10 8
4 5 3
9 21 6
8 13 8
8 9 5
9 15 4
19 21 2
2 5 5
1 22 10
9 16 5
10 12 7
12 16 9
1 4 10
14 19 10
5 10 8
9 13 3
5 19 4
11 14 4
6 22 2
1 17 1
5 16 6
6 13 4
4 9 6
1 19 5
2 11 3
5 12 4
9 18 7
1 8 1
6 5 131
2 5 7
1 6 8
5 6 9
1 3 4
1 4 5
48 78 41
22 24 1
8 46 9
12 43 1
4 22 4
16 25 6
39 48 8
15 38 5
18 43 9
14 39 10
9 35 2
19 37 1
43 46 3
15 35 1
7 41 9
6 43 5
21 31 4
1 46 6
27 38 6
15 43 4
14 32 2
30 34 2
16 26 1
15 33 1
29 38 4
37 47 7
22 43 9
22 28 4
14 17 9
40 42 3
5 20 2
1 17 3
15 21 10
12 26 3
9 41 8
16 46 7
5 31 1
4 36 3
2 43 8
42 47 2
1 41 5
27 28 10
32 34 5
8 40 1
20 43 8
16 45 4
6 8 9
31 41 3
6 40 6
5 11 5
15 24 4
11 27 2
7 42 1
2 10 4
21 48 2
5 26 4
23 29 5
32 47 2
18 36 7
28 42 4
35 43 10
8 13 7
22 41 10
28 30 6
45 47 5
30 39 8
1 42 8
12 20 3
16 38 2
29 33 5
14 40 4
35 39 9
36 47 7
7 24 8
6 13 8
8 23 9
25 29 2
3 18 10
28 44 5
37 49 64
18 25 6
7 19 3
12 21 7
28 30 10
14 33 10
30 31 8
31 37 10
13 34 3
18 33 10
18 36 7
9 16 10
13 25 3
10 22 2
1 4 10
3 4 8
16 26 6
15 25 2
11 37 3
5 13 7
26 37 9
32 36 10
21 31 9
15 24 5
19 23 1
4 18 8
27 37 10
12 37 3
2 28 2
11 26 1
3 25 2
22 35 4
31 32 9
20 31 2
6 30 5
27 31 2
3 35 3
16 29 8
25 32 2
7 27 9
18 35 7
8 11 6
9 13 2
17 33 2
10 26 5
29 37 8
20 29 9
14 36 6
24 30 10
25 27 7
8 8 53
4 7 3
2 7 1
4 6 4
3 4 2
5 7 4
5 8 2
1 7 7
1 8 3
21 100 37
5 6 3
17 21 10
6 7 5
12 14 8
9 15 1
7 17 7
4 17 8
9 13 1
3 10 7
12 19 6
18 20 6
6 12 9
2 7 1
5 7 8
16 17 9
10 15 4
18 21 9
15 21 5
1 15 2
3 13 8
3 19 6
12 16 9
4 5 6
3 6 2
8 9 6
7 16 8
5 10 2
3 14 5
6 21 4
1 6 1
18 19 4
9 16 7
7 8 8
10 14 1
13 15 5
8 17 7
12 17 7
12 18 3
9 12 5
10 20 10
16 19 6
2 8 5
7 20 10
11 17 8
16 18 9
8 13 3
2 9 4
13 20 7
5 20 2
1 18 2
15 16 5
13 14 4
3 16 3
7 18 5
14 19 8
1 2 10
6 14 9
17 19 1
8 14 10
9 19 2
12 15 3
7 10 2
7 19 10
9 21 5
13 19 1
3 17 9
9 10 10
1 12 10
2 15 9
15 17 9
11 21 1
8 19 6
7 21 7
5 11 10
10 12 4
12 20 6
1 9 9
1 13 8
15 18 9
4 12 6
15 20 7
2 13 3
3 7 4
13 17 1
8 11 7
6 19 10
20 21 4
4 15 4
5 19 9
6 18 5
10 21 5
7 12 4
19 21 9
3 15 7
5 18 3
3 20 2
14 15 5
1 7 10
2 18 8
8 18 4
13 20 10
3 6 8
5 8 9
1 4 10
11 13 5
2 5 6
2 12 10
5 10 4
4 6 8
1 5 7
3 4 6
4 12 9
8 11 9
4 11 1
10 11 10
5 9 10
4 7 5
8 9 9
4 8 2
1 6 8
2 13 6
35 43 56
15 27 10
27 33 6
1 29 4
19 25 6
4 5 4
27 35 2
1 26 9
18 19 3
22 35 7
18 35 8
18 28 10
17 25 9
16 33 10
18 20 7
3 33 6
7 23 7
2 8 2
11 21 6
2 6 1
12 19 1
23 29 5
9 33 8
1 21 9
10 19 6
13 27 4
28 35 3
1 15 4
24 35 10
24 31 1
9 27 8
8 14 2
5 13 10
17 27 9
9 35 1
2 13 6
32 33 1
20 34 8
12 17 6
25 34 7
26 30 7
1 11 1
1 27 3
13 18 6
38 40 26
22 26 6
11 35 6
9 25 7
7 28 3
13 18 2
12 19 6
11 17 8
17 36 8
5 27 1
6 15 10
21 23 10
30 37 5
8 10 10
17 24 10
7 14 3
1 22 8
15 29 1
4 22 9
3 26 5
28 38 4
10 32 8
20 31 3
10 13 7
2 6 6
29 31 10
1 30 2
7 19 10
28 30 2
5 28 9
9 32 7
1 17 10
24 33 6
18 25 9
19 34 5
21 28 5
16 30 2
3 15 10
8 25 8
8 26 2
16 32 1
27 273 90
7 10 7
12 18 3
2 18 1
8 12 9
12 23 7
2 14 10
21 23 5
4 21 7
12 25 6
23 24 4
6 22 5
14 27 4
13 27 6
20 26 1
13 18 4
7 23 4
2 27 2
5 16 3
5 18 7
2 8 7
14 16 9
20 22 8
19 26 7
1 26 8
6 12 1
6 25 4
17 21 10
11 13 8
2 7 2
14 26 5
18 20 1
2 12 2
15 21 3
7 12 7
11 24 1
4 15 4
3 11 3
15 19 10
11 18 9
9 13 6
8 27 2
6 27 8
3 22 7
4 26 7
8 14 1
11 16 7
9 19 5
6 16 6
5 7 6
19 22 2
12 22 7
5 8 5
2 22 2
10 15 10
22 25 4
10 24 8
1 23 8
3 7 2
1 12 6
3 15 2
2 15 3
21 22 1
19 27 2
10 21 8
8 24 4
13 14 6
8 9 9
4 25 3
3 18 10
18 22 3
5 27 4
17 20 9
17 24 1
20 25 1
14 19 10
19 21 6
8 13 1
2 16 7
1 20 8
16 21 8
4 22 8
10 16 2
21 24 10
23 26 8
5 21 2
7 27 6
14 22 10
15 24 8
2 10 6
23 25 6
23 27 9
13 19 9
5 20 4
4 7 2
17 25 5
13 16 10
9 11 8
1 24 4
13 22 10
9 23 6
25 27 6
6 18 5
18 21 5
4 6 10
8 21 8
6 26 1
3 4 4
3 10 4
6 19 7
9 27 2
7 17 1
16 25 7
14 15 7
10 27 7
4 27 3
3 16 6
11 26 8
26 27 6
6 8 8
2 20 8
11 23 6
2 4 1
20 23 6
12 16 7
4 16 7
3 12 1
13 21 6
5 25 2
6 9 2
12 19 1
7 11 7
11 19 7
7 15 9
7 8 8
6 20 6
24 27 6
3 26 5
21 25 4
16 26 10
10 22 2
8 19 5
5 19 9
10 11 1
19 24 6
6 10 1
17 27 7
4 10 6
15 25 10
7 18 8
9 18 6
11 25 7
11 12 2
3 23 7
10 23 6
5 6 3
17 22 4
3 8 4
7 16 10
4 14 1
9 14 4
4 20 4
6 17 6
17 18 7
5 15 10
5 23 9
18 24 4
18 25 3
10 14 2
6 24 5
11 27 6
16 19 2
8 11 6
1 13 8
1 8 1
17 26 6
2 24 5
2 26 4
2 13 5
11 15 4
13 26 8
15 16 3
22 23 10
7 21 10
4 18 1
3 20 5
1 14 7
21 27 3
5 11 3
20 27 4
13 17 8
1 2 10
9 24 8
7 19 10
8 16 9
12 14 4
16 24 3
1 18 2
8 20 7
13 20 7
18 23 8
17 19 2
2 11 6
11 22 7
6 21 5
15 22 10
5 14 9
3 24 2
1 7 5
3 9 7
25 26 3
3 17 7
3 19 6
9 16 10
5 24 8
7 26 5
15 23 8
12 27 10
1 6 7
2 5 2
9 10 9
22 26 5
18 27 2
8 22 1
11 21 4
8 17 1
3 14 6
2 23 5
8 26 4
13 24 7
4 11 9
22 27 6
19 20 7
16 20 5
1 3 10
12 13 1
8 18 10
4 9 5
3 27 10
2 6 2
1 17 5
6 11 5
9 17 6
3 13 10
10 19 2
3 25 10
4 17 1
11 20 5
4 8 9
1 21 9
15 27 7
10 25 3
7 25 9
12 20 8
20 21 6
1 22 5
16 18 1
2 19 1
17 23 2
1 16 3
12 15 1
14 17 10
5 22 10
2 9 5
13 15 7
6 13 10
10 13 1
5 9 7
15 26 10
15 18 10
22 24 6
16 23 6
5 13 5
1 4 1
